153.010561
153.026184
153.041807
153.05743
153.073053
153.088676
153.104299
153.119922
153.135545
153.151168
153.166791
153.182414
153.198037
153.21366
153.229283
153.244906
153.260529
153.276152
153.291775
153.307398
153.323021
153.338644
153.354267
153.36989
153.385513
153.401137
153.41676
153.432383
153.448006
153.463629
153.479252
153.494875
153.510498
153.526121
153.541744
153.557367
153.57299
153.588613
153.604236
153.619859
153.635482
153.651105
153.666728
153.682351
153.697974
153.713597
153.72922
153.744843
153.760466
153.776089
153.791712
153.807335
153.822958
153.838581
153.854204
153.869827
153.88545
153.901073
153.916696
153.932319
153.947942
153.963565
153.979188
153.994811
154.010434
154.026058
154.041681
154.057304
154.072927
154.08855
154.104173
154.119796
154.135419
154.151042
154.166665
154.182288
154.197911
154.213534
154.229157
154.24478
154.260403
154.276026
154.291649
154.307272
154.322895
154.338518
154.354141
154.369764
154.385387
154.40101
154.416633
154.432256
154.447879
154.463502
154.479125
154.494748
154.510371
154.525994
154.541617
154.55724
154.572863
154.588486
154.604109
154.619732
154.635355
154.650978
154.666602
154.682225
154.697848
154.713471
154.729094
154.744717
154.76034
154.775963
