-21.92031
-21.956429
-21.992548
-22.028667
-22.064786
-22.100906
-22.137025
-22.173144
-22.209263
-22.245382
-22.281501
-22.31762
-22.353739
-22.389858
-22.425977
-22.462096
-22.498215
-22.534334
-22.570453
-22.606573
-22.642692
-22.678811
-22.71493
-22.751049
-22.787168
-22.823287
-22.859406
-22.895525
-22.931644
-22.967763
-23.003882
-23.040001
-23.07612
-23.112239
-23.148359
-23.184478
-23.220597
-23.256716
-23.292835
-23.328954
-23.365073
-23.401192
-23.437311
-23.47343
-23.509549
-23.545668
-23.581787
-23.617906
-23.654026
-23.690145
-23.726264
-23.762383
-23.798502
-23.834621
-23.87074
-23.906859
-23.942978
-23.979097
-24.015216
-24.051335
-24.087454
-24.123573
-24.159693
-24.195812
