-34.8234228
-34.859474
-34.895527
-34.93158
-34.967632
-35.003681
-35.03973
-35.075783
-35.111835
-35.147888
-35.183937
-35.219986
-35.256039
-35.292088
-35.328144
-35.364193
-35.400242
-35.436295
-35.472343
-35.5084
-35.544449
-35.580498
-35.61655
-35.652599
-35.688652
-35.724705
-35.760754
-35.796806
-35.832855
-35.868908
-35.904961
-35.94101
-35.977062
-36.013111
-36.049164
-36.085213
-36.121265
-36.157318
-36.193367
-36.22942
-36.265469
-36.301521
-36.337574
-36.373623
-36.409676
-36.445724
-36.481773
-36.51783
-36.553879
-36.589931
-36.62598
-36.662029
-36.698086
-36.734135
-36.770187
-36.806236
-36.842285
-36.878338
-36.914391
-36.950443
-36.986492
-37.022545
-37.058594
-37.094646
-37.130699
-37.166748
-37.202801
-37.23885
-37.274899
-37.310955
-37.347004
-37.383057
-37.4191082
-37.4551594
