132.953971
132.998611
133.043243
133.087891
133.132538
133.177155
133.221802
133.266449
133.311081
133.355728
133.400375
133.445007
133.489655
133.534302
133.578918
133.623566
133.668213
133.712845
133.757492
133.802139
133.846771
133.891418
133.936066
133.980698
134.02533
134.069977
134.114624
134.159256
134.203903
134.24855
134.293182
134.33783
134.382462
134.427094
134.471741
134.516388
134.56102
134.605667
134.650314
134.694946
134.739594
134.784225
134.828857
134.873505
134.918152
134.962784
135.007431
135.052078
135.09671
135.141357
135.185989
135.230621
135.275269
135.319916
135.364548
135.409195
135.453842
135.498474
135.543121
135.587753
135.632401
135.677032
135.72168
135.766327
135.810959
135.855606
135.900253
135.944885
135.989532
136.034164
136.078796
136.123444
136.168091
136.212723
136.25737
136.302017
136.346649
136.391281
136.435928
136.48056
136.525208
136.569855
136.614487
136.659134
136.703781
136.748413
136.79306
136.837692
136.882339
136.926971
136.971619
137.016266
137.060898
137.105545
137.150192
137.194824
137.239456
137.284103
137.328735
137.373383
137.418023
137.462663
