-29.363513
-29.377044
-29.390574
-29.404105
-29.417635
-29.431166
-29.444696
-29.458227
-29.471757
-29.485288
-29.498818
-29.512349
-29.525879
-29.53941
-29.55294
-29.566471
-29.580001
-29.593532
-29.607062
-29.620593
-29.634123
-29.647654
-29.661185
-29.674715
-29.688246
-29.701776
-29.715307
-29.728837
-29.742368
-29.755898
-29.769429
-29.782959
-29.79649
-29.81002
-29.823551
-29.837081
-29.850612
-29.864142
-29.877673
-29.891203
-29.904734
-29.918264
-29.931795
-29.945325
-29.958856
-29.972386
-29.985917
-29.999447
-30.012978
-30.026508
-30.040039
-30.053569
-30.0671
-30.08063
-30.094161
-30.107691
-30.121222
-30.134752
-30.148283
-30.161813
-30.175344
-30.188874
-30.202405
-30.215935
-30.229466
-30.242996
-30.256527
-30.270057
-30.283588
-30.297118
-30.310649
-30.324179
-30.33771
-30.351241
-30.364771
-30.378302
-30.391832
-30.405363
-30.418893
-30.432424
-30.445954
-30.459485
-30.473015
-30.486546
-30.500076
-30.513607
-30.527137
-30.540668
-30.554198
-30.567729
-30.581259
-30.59479
-30.60832
-30.621851
-30.635381
-30.648912
-30.662442
-30.675973
-30.689503
-30.703034
-30.716564
-30.730095
-30.743625
-30.757156
-30.770686
-30.784217
-30.797747
-30.811278
-30.824808
-30.838339
-30.851869
-30.8654
-30.87893
-30.892461
-30.905991
-30.919522
-30.933052
-30.946583
-30.960113
-30.973644
-30.987174
-31.000705
-31.014235
-31.027766
-31.041297
-31.054827
-31.068358
-31.081888
-31.095419
-31.108949
-31.12248
-31.13601
-31.149541
-31.163071
-31.176602
-31.190132
-31.203663
-31.217193
-31.230724
-31.244254
-31.257785
-31.271315
-31.284846
-31.298376
-31.311907
-31.325437
-31.338968
-31.352498
-31.366029
-31.379559
-31.39309
-31.40662
-31.420151
-31.433681
-31.447212
-31.460742
-31.474273
-31.487803
-31.501334
-31.514864
-31.528395
-31.541925
-31.555456
-31.568986
-31.582517
-31.596047
-31.609578
