150.781701
150.820739
150.859777
150.898814
150.937852
150.97689
151.015928
151.054965
151.094003
151.133041
151.172078
151.211116
151.250154
151.289192
151.328229
151.367267
151.406305
151.445343
151.48438
151.523418
151.562456
151.601494
151.640531
151.679569
151.718607
151.757645
151.796682
151.83572
151.874758
151.913795
151.952833
151.991871
152.030909
152.069946
152.108984
152.148022
152.18706
152.226097
152.265135
152.304173
152.343211
152.382248
152.421286
152.460324
152.499362
152.538399
152.577437
152.616475
152.655512
152.69455
152.733588
152.772626
152.811663
152.850701
152.889739
152.928777
152.967814
153.006852
153.04589
153.084928
153.123965
153.163003
153.202041
153.241078
153.280116
153.319154
153.358192
153.397229
153.436267
153.475305
153.514343
153.55338
