113.151970
113.194420
113.236870
113.279312
113.321762
113.364204
113.406654
113.449104
113.491547
113.533997
113.576439
113.618889
113.661339
113.703781
113.746231
113.788673
113.831123
113.873573
113.916016
113.958466
114.000908
114.043358
114.085800
114.128250
114.170700
114.213142
114.255592
114.298035
114.340485
114.382927
114.425377
114.467827
114.510269
114.552719
114.595169
114.637611
114.680054
114.722496
114.764954
114.807396
114.849838
114.892296
114.934738
114.977180
115.019623
115.062080
115.104523
115.146965
115.189423
115.231865
115.274307
115.316750
115.359207
115.401649
115.444092
115.486549
115.528992
115.571434
115.613876
115.656334
115.698776
115.741219
