112.2525286	-32.4468495
112.3163207	-32.4477778
112.3801141	-32.4486745
112.4439087	-32.4495399
112.5077045	-32.4503738
112.5715015	-32.4511762
112.6352995	-32.4519471
112.6990986	-32.4526867
112.7628987	-32.4533947
112.8266997	-32.4540713
112.8905017	-32.4547164
112.9543045	-32.4553301
113.0181082	-32.4559123
113.0819127	-32.4564631
113.1457179	-32.4569823
113.2095238	-32.4574702
113.2733303	-32.4579265
113.3371375	-32.4583514
113.4009453	-32.4587448
113.4647535	-32.4591067
113.5285623	-32.4594372
113.5923715	-32.4597362
113.6561811	-32.4600037
113.719991	-32.4602398
113.7838013	-32.4604443
113.8476118	-32.4606174
113.9114225	-32.4607591
113.9752334	-32.4608692
114.0390444	-32.4609479
114.1028555	-32.4609951
114.1666667	-32.4610109
114.2304779	-32.4609951
114.294289	-32.4609479
114.3581	-32.4608692
114.4219109	-32.4607591
114.4857216	-32.4606174
114.5495321	-32.4604443
114.6133424	-32.4602398
114.6771523	-32.4600037
114.7409619	-32.4597362
114.8047711	-32.4594372
114.8685799	-32.4591067
114.9323881	-32.4587448
114.9961959	-32.4583514
115.0600031	-32.4579265
115.1238096	-32.4574702
115.1876155	-32.4569823
115.2514207	-32.4564631
115.3152252	-32.4559123
115.3790289	-32.4553301
115.4428317	-32.4547164
115.5066337	-32.4540713
115.5704347	-32.4533947
115.6342348	-32.4526867
115.6980339	-32.4519471
115.7618319	-32.4511762
115.8256289	-32.4503738
112.2536558	-32.3927596
112.3174104	-32.3936868
112.3811663	-32.3945826
112.4449234	-32.3954469
112.5086816	-32.3962799
112.572441	-32.3970815
112.6362015	-32.3978516
112.699963	-32.3985903
112.7637255	-32.3992976
112.827489	-32.3999734
112.8912534	-32.4006178
112.9550187	-32.4012308
113.0187848	-32.4018124
113.0825517	-32.4023625
113.1463193	-32.4028813
113.2100876	-32.4033685
113.2738566	-32.4038244
113.3376262	-32.4042488
113.4013964	-32.4046418
113.4651671	-32.4050033
113.5289382	-32.4053334
113.5927098	-32.4056321
113.6564818	-32.4058993
113.7202542	-32.4061351
113.7840268	-32.4063395
113.8477997	-32.4065124
113.9115729	-32.4066538
113.9753462	-32.4067639
114.0391196	-32.4068425
114.1028931	-32.4068896
114.1666667	-32.4069054
114.2304403	-32.4068896
114.2942138	-32.4068425
114.3579872	-32.4067639
114.4217605	-32.4066538
114.4855337	-32.4065124
114.5493066	-32.4063395
114.6130792	-32.4061351
114.6768516	-32.4058993
114.7406236	-32.4056321
114.8043952	-32.4053334
114.8681663	-32.4050033
114.931937	-32.4046418
114.9957072	-32.4042488
115.0594768	-32.4038244
115.1232458	-32.4033685
115.1870141	-32.4028813
115.2507817	-32.4023625
115.3145486	-32.4018124
115.3783147	-32.4012308
115.44208	-32.4006178
115.5058444	-32.3999734
115.5696079	-32.3992976
115.6333704	-32.3985903
115.6971319	-32.3978516
115.7608924	-32.3970815
115.8246518	-32.3962799
112.2547806	-32.3386691
112.3184977	-32.3395953
112.3822161	-32.3404901
112.4459358	-32.3413535
112.5096566	-32.3421856
112.5733785	-32.3429862
112.6371015	-32.3437555
112.7008255	-32.3444934
112.7645506	-32.3451999
112.8282766	-32.345875
112.8920035	-32.3465187
112.9557313	-32.3471311
113.0194599	-32.347712
113.0831893	-32.3482615
113.1469194	-32.3487797
113.2106503	-32.3492664
113.2743818	-32.3497218
113.3381139	-32.3501457
113.4018465	-32.3505383
113.4655797	-32.3508994
113.5293134	-32.3512292
113.5930475	-32.3515275
113.6567819	-32.3517944
113.7205168	-32.35203
113.7842519	-32.3522341
113.8479873	-32.3524068
113.9117229	-32.3525481
113.9754587	-32.3526581
114.0391946	-32.3527366
114.1029306	-32.3527837
114.1666667	-32.3527994
114.2304028	-32.3527837
114.2941388	-32.3527366
114.3578747	-32.3526581
114.4216105	-32.3525481
114.4853461	-32.3524068
114.5490815	-32.3522341
114.6128166	-32.35203
114.6765515	-32.3517944
114.7402859	-32.3515275
114.80402	-32.3512292
114.8677537	-32.3508994
114.9314869	-32.3505383
114.9952195	-32.3501457
115.0589516	-32.3497218
115.1226831	-32.3492664
115.186414	-32.3487797
115.2501441	-32.3482615
115.3138735	-32.347712
115.3776021	-32.3471311
115.4413299	-32.3465187
115.5050568	-32.345875
115.5687828	-32.3451999
115.6325079	-32.3444934
115.6962319	-32.3437555
115.7599549	-32.3429862
115.8236768	-32.3421856
112.2559029	-32.2845781
112.3195827	-32.2855033
112.3832637	-32.2863971
112.446946	-32.2872596
112.5106294	-32.2880908
112.5743139	-32.2888906
112.6379995	-32.289659
112.7016862	-32.2903961
112.7653738	-32.2911018
112.8290624	-32.2917762
112.892752	-32.2924192
112.9564423	-32.2930308
113.0201335	-32.2936111
113.0838255	-32.2941601
113.1475183	-32.2946776
113.2112117	-32.2951639
113.2749057	-32.2956187
113.3386004	-32.2960422
113.4022957	-32.2964343
113.4659914	-32.296795
113.5296877	-32.2971244
113.5933843	-32.2974224
113.6570814	-32.2976891
113.7207788	-32.2979244
113.7844765	-32.2981283
113.8481745	-32.2983008
113.9118727	-32.298442
113.975571	-32.2985518
114.0392695	-32.2986302
114.1029681	-32.2986773
114.1666667	-32.2986929
114.2303653	-32.2986773
114.2940639	-32.2986302
114.3577624	-32.2985518
114.4214607	-32.298442
114.4851589	-32.2983008
114.5488569	-32.2981283
114.6125546	-32.2979244
114.676252	-32.2976891
114.7399491	-32.2974224
114.8036457	-32.2971244
114.867342	-32.296795
114.9310377	-32.2964343
114.994733	-32.2960422
115.0584277	-32.2956187
115.1221217	-32.2951639
115.1858151	-32.2946776
115.2495079	-32.2941601
115.3131999	-32.2936111
115.3768911	-32.2930308
115.4405814	-32.2924192
115.504271	-32.2917762
115.5679596	-32.2911018
115.6316472	-32.2903961
115.6953339	-32.289659
115.7590195	-32.2888906
115.822704	-32.2880908
112.2570228	-32.2304867
112.3206653	-32.2314108
112.384309	-32.2323037
112.4479539	-32.2331652
112.5116	-32.2339955
112.5752473	-32.2347944
112.6388956	-32.235562
112.7025449	-32.2362982
112.7661953	-32.2370032
112.8298466	-32.2376768
112.8934988	-32.2383192
112.9571518	-32.2389301
113.0208057	-32.2395098
113.0844604	-32.2400581
113.1481158	-32.2405751
113.2117718	-32.2410608
113.2754286	-32.2415152
113.3390859	-32.2419382
113.4027438	-32.2423299
113.4664022	-32.2426902
113.5300611	-32.2430192
113.5937205	-32.2433169
113.6573802	-32.2435833
113.7210402	-32.2438183
113.7847006	-32.244022
113.8483612	-32.2441943
113.9120221	-32.2443353
113.9756831	-32.244445
114.0393442	-32.2445234
114.1030054	-32.2445704
114.1666667	-32.244586
114.230328	-32.2445704
114.2939892	-32.2445234
114.3576503	-32.244445
114.4213113	-32.2443353
114.4849722	-32.2441943
114.5486328	-32.244022
114.6122932	-32.2438183
114.6759532	-32.2435833
114.7396129	-32.2433169
114.8032723	-32.2430192
114.8669312	-32.2426902
114.9305896	-32.2423299
114.9942475	-32.2419382
115.0579048	-32.2415152
115.1215616	-32.2410608
115.1852176	-32.2405751
115.248873	-32.2400581
115.3125277	-32.2395098
115.3761816	-32.2389301
115.4398346	-32.2383192
115.5034868	-32.2376768
115.5671381	-32.2370032
115.6307885	-32.2362982
115.6944378	-32.235562
115.7580861	-32.2347944
115.8217334	-32.2339955
112.2581402	-32.1763947
112.3217454	-32.1773179
112.385352	-32.1782098
112.4489597	-32.1790704
112.5125686	-32.1798997
112.5761786	-32.1806977
112.6397897	-32.1814645
112.7034018	-32.1821999
112.7670149	-32.1829041
112.830629	-32.183577
112.8942439	-32.1842186
112.9578597	-32.184829
113.0214764	-32.185408
113.0850938	-32.1859557
113.1487119	-32.1864722
113.2123308	-32.1869573
113.2759503	-32.1874112
113.3395703	-32.1878337
113.403191	-32.188225
113.4668121	-32.1885849
113.5304338	-32.1889136
113.5940558	-32.1892109
113.6576783	-32.189477
113.7213011	-32.1897118
113.7849242	-32.1899152
113.8485475	-32.1900874
113.9121711	-32.1902282
113.9757949	-32.1903378
114.0394187	-32.1904161
114.1030427	-32.190463
114.1666667	-32.1904787
114.2302907	-32.190463
114.2939147	-32.1904161
114.3575385	-32.1903378
114.4211623	-32.1902282
114.4847859	-32.1900874
114.5484092	-32.1899152
114.6120323	-32.1897118
114.6756551	-32.189477
114.7392776	-32.1892109
114.8028996	-32.1889136
114.8665213	-32.1885849
114.9301424	-32.188225
114.9937631	-32.1878337
115.0573831	-32.1874112
115.1210026	-32.1869573
115.1846215	-32.1864722
115.2482396	-32.1859557
115.311857	-32.185408
115.3754737	-32.184829
115.4390895	-32.1842186
115.5027044	-32.183577
115.5663185	-32.1829041
115.6299316	-32.1821999
115.6935437	-32.1814645
115.7571548	-32.1806977
115.8207648	-32.1798997
112.2592551	-32.1223023
112.3228233	-32.1232244
112.3863927	-32.1241153
112.4499633	-32.124975
112.513535	-32.1258034
112.5771079	-32.1266006
112.6406818	-32.1273665
112.7042568	-32.1281012
112.7678328	-32.1288046
112.8314097	-32.1294767
112.8949875	-32.1301176
112.9585661	-32.1307273
113.0221456	-32.1313057
113.0857258	-32.1318528
113.1493068	-32.1323687
113.2128885	-32.1328533
113.2764708	-32.1333067
113.3400537	-32.1337288
113.4036372	-32.1341196
113.4672212	-32.1344792
113.5308056	-32.1348075
113.5943905	-32.1351045
113.6579758	-32.1353703
113.7215614	-32.1356048
113.7851473	-32.135808
113.8487335	-32.13598
113.9123199	-32.1361207
113.9759064	-32.1362301
114.0394931	-32.1363083
114.1030799	-32.1363552
114.1666667	-32.1363708
114.2302535	-32.1363552
114.2938403	-32.1363083
114.357427	-32.1362301
114.4210135	-32.1361207
114.4845999	-32.13598
114.5481861	-32.135808
114.611772	-32.1356048
114.6753576	-32.1353703
114.7389429	-32.1351045
114.8025278	-32.1348075
114.8661122	-32.1344792
114.9296962	-32.1341196
114.9932797	-32.1337288
115.0568626	-32.1333067
115.1204449	-32.1328533
115.1840266	-32.1323687
115.2476076	-32.1318528
115.3111878	-32.1313057
115.3747673	-32.1307273
115.4383459	-32.1301176
115.5019237	-32.1294767
115.5655006	-32.1288046
115.6290766	-32.1281012
115.6926516	-32.1273665
115.7562255	-32.1266006
115.8197984	-32.1258034
112.2603676	-32.0682094
112.3238987	-32.0691305
112.3874311	-32.0700204
112.4509646	-32.0708792
112.5144993	-32.0717067
112.5780351	-32.072503
112.641572	-32.073268
112.7051099	-32.0740019
112.7686488	-32.0747046
112.8321886	-32.075376
112.8957294	-32.0760162
112.9592709	-32.0766252
113.0228133	-32.0772029
113.0863565	-32.0777495
113.1499004	-32.0782648
113.213445	-32.0787489
113.2769902	-32.0792017
113.340536	-32.0796234
113.4040824	-32.0800138
113.4676293	-32.0803729
113.5311766	-32.0807009
113.5947244	-32.0809976
113.6582726	-32.0812631
113.7218211	-32.0814973
113.7853699	-32.0817003
113.848919	-32.0818721
113.9124683	-32.0820127
113.9760177	-32.082122
114.0395673	-32.0822001
114.103117	-32.0822469
114.1666667	-32.0822625
114.2302164	-32.0822469
114.2937661	-32.0822001
114.3573157	-32.082122
114.4208651	-32.0820127
114.4844144	-32.0818721
114.5479635	-32.0817003
114.6115123	-32.0814973
114.6750608	-32.0812631
114.738609	-32.0809976
114.8021568	-32.0807009
114.8657041	-32.0803729
114.929251	-32.0800138
114.9927974	-32.0796234
115.0563432	-32.0792017
115.1198884	-32.0787489
115.183433	-32.0782648
115.2469769	-32.0777495
115.3105201	-32.0772029
115.3740625	-32.0766252
115.437604	-32.0760162
115.5011448	-32.075376
115.5646846	-32.0747046
115.6282235	-32.0740019
115.6917614	-32.073268
115.7552983	-32.072503
115.8188341	-32.0717067
112.2614777	-32.0141159
112.3249718	-32.0150361
112.3884672	-32.015925
112.4519638	-32.0167828
112.5154615	-32.0176094
112.5789604	-32.0184049
112.6424602	-32.0191691
112.7059612	-32.0199022
112.7694631	-32.020604
112.8329659	-32.0212747
112.8964696	-32.0219142
112.9599742	-32.0225226
113.0234796	-32.0230997
113.0869858	-32.0236456
113.1504927	-32.0241604
113.2140003	-32.0246439
113.2775085	-32.0250963
113.3410173	-32.0255175
113.4045266	-32.0259075
113.4680365	-32.0262662
113.5315469	-32.0265938
113.5950576	-32.0268902
113.6585688	-32.0271554
113.7220803	-32.0273894
113.7855921	-32.0275922
113.8491041	-32.0277638
113.9126164	-32.0279042
113.9761288	-32.0280134
114.0396414	-32.0280914
114.103154	-32.0281382
114.1666667	-32.0281538
114.2301794	-32.0281382
114.293692	-32.0280914
114.3572046	-32.0280134
114.420717	-32.0279042
114.4842293	-32.0277638
114.5477413	-32.0275922
114.6112531	-32.0273894
114.6747646	-32.0271554
114.7382758	-32.0268902
114.8017865	-32.0265938
114.8652969	-32.0262662
114.9288068	-32.0259075
114.9923161	-32.0255175
115.0558249	-32.0250963
115.1193331	-32.0246439
115.1828407	-32.0241604
115.2463476	-32.0236456
115.3098538	-32.0230997
115.3733592	-32.0225226
115.4368638	-32.0219142
115.5003675	-32.0212747
115.5638703	-32.020604
115.6273722	-32.0199022
115.6908732	-32.0191691
115.754373	-32.0184049
115.8178719	-32.0176094
112.2625853	-31.960022
112.3260426	-31.9609412
112.3895011	-31.9618292
112.4529608	-31.962686
112.5164216	-31.9635117
112.5798835	-31.9643063
112.6433465	-31.9650697
112.7068106	-31.965802
112.7702756	-31.9665031
112.8337415	-31.967173
112.8972083	-31.9678118
112.960676	-31.9684195
113.0241445	-31.968996
113.0876137	-31.9695413
113.1510837	-31.9700555
113.2145543	-31.9705386
113.2780256	-31.9709904
113.3414975	-31.9714111
113.4049699	-31.9718007
113.4684428	-31.9721591
113.5319163	-31.9724863
113.5953901	-31.9727824
113.6588643	-31.9730473
113.7223389	-31.973281
113.7858137	-31.9734836
113.8492888	-31.973655
113.9127641	-31.9737952
113.9762396	-31.9739043
114.0397153	-31.9739822
114.103191	-31.974029
114.1666667	-31.9740446
114.2301424	-31.974029
114.2936181	-31.9739822
114.3570938	-31.9739043
114.4205693	-31.9737952
114.4840446	-31.973655
114.5475197	-31.9734836
114.6109945	-31.973281
114.6744691	-31.9730473
114.7379433	-31.9727824
114.8014171	-31.9724863
114.8648906	-31.9721591
114.9283635	-31.9718007
114.9918359	-31.9714111
115.0553078	-31.9709904
115.1187791	-31.9705386
115.1822497	-31.9700555
115.2457197	-31.9695413
115.3091889	-31.968996
115.3726574	-31.9684195
115.4361251	-31.9678118
115.4995919	-31.967173
115.5630578	-31.9665031
115.6265228	-31.965802
115.6899869	-31.9650697
115.7534499	-31.9643063
115.8169118	-31.9635117
112.2636905	-31.9059277
112.327111	-31.9068458
112.3905327	-31.9077328
112.4539556	-31.9085887
112.5173796	-31.9094135
112.5808047	-31.9102072
112.6442309	-31.9109698
112.7076581	-31.9117013
112.7710863	-31.9124016
112.8345154	-31.9130708
112.8979453	-31.913709
112.9613762	-31.9143159
113.0248078	-31.9148918
113.0882402	-31.9154366
113.1516734	-31.9159502
113.2151072	-31.9164327
113.2785416	-31.9168841
113.3419766	-31.9173043
113.4054122	-31.9176935
113.4688483	-31.9180514
113.5322848	-31.9183783
113.5957218	-31.9186741
113.6591592	-31.9189387
113.7225969	-31.9191722
113.7860349	-31.9193745
113.8494731	-31.9195457
113.9129116	-31.9196858
113.9763502	-31.9197948
114.039789	-31.9198726
114.1032278	-31.9199193
114.1666667	-31.9199349
114.2301056	-31.9199193
114.2935444	-31.9198726
114.3569832	-31.9197948
114.4204218	-31.9196858
114.4838603	-31.9195457
114.5472985	-31.9193745
114.6107365	-31.9191722
114.6741742	-31.9189387
114.7376116	-31.9186741
114.8010486	-31.9183783
114.8644851	-31.9180514
114.9279212	-31.9176935
114.9913568	-31.9173043
115.0547918	-31.9168841
115.1182262	-31.9164327
115.18166	-31.9159502
115.2450932	-31.9154366
115.3085256	-31.9148918
115.3719572	-31.9143159
115.4353881	-31.913709
115.498818	-31.9130708
115.5622471	-31.9124016
115.6256753	-31.9117013
115.6891025	-31.9109698
115.7525287	-31.9102072
115.8159538	-31.9094135
112.2647933	-31.8518328
112.3281771	-31.8527499
112.3915621	-31.853636
112.4549482	-31.8544909
112.5183355	-31.8553149
112.5817239	-31.8561077
112.6451133	-31.8568694
112.7085038	-31.8576001
112.7718952	-31.8582997
112.8352875	-31.8589682
112.8986808	-31.8596056
112.9620749	-31.8602119
113.0254697	-31.8607872
113.0888654	-31.8613313
113.1522618	-31.8618444
113.2156588	-31.8623264
113.2790565	-31.8627773
113.3424547	-31.863197
113.4058535	-31.8635857
113.4692528	-31.8639434
113.5326526	-31.8642699
113.5960528	-31.8645653
113.6594534	-31.8648296
113.7228543	-31.8650628
113.7862556	-31.865265
113.849657	-31.865436
113.9130587	-31.8655759
113.9764606	-31.8656848
114.0398625	-31.8657625
114.1032646	-31.8658092
114.1666667	-31.8658247
114.2300688	-31.8658092
114.2934709	-31.8657625
114.3568728	-31.8656848
114.4202747	-31.8655759
114.4836764	-31.865436
114.5470778	-31.865265
114.6104791	-31.8650628
114.67388	-31.8648296
114.7372806	-31.8645653
114.8006808	-31.8642699
114.8640806	-31.8639434
114.9274799	-31.8635857
114.9908787	-31.863197
115.0542769	-31.8627773
115.1176746	-31.8623264
115.1810716	-31.8618444
115.244468	-31.8613313
115.3078637	-31.8607872
115.3712585	-31.8602119
115.4346526	-31.8596056
115.4980459	-31.8589682
115.5614382	-31.8582997
115.6248296	-31.8576001
115.6882201	-31.8568694
115.7516095	-31.8561077
115.8149979	-31.8553149
112.2658937	-31.7977374
112.3292408	-31.7986535
112.3925892	-31.7995386
112.4559387	-31.8003927
112.5192893	-31.8012157
112.582641	-31.8020077
112.6459938	-31.8027686
112.7093476	-31.8034984
112.7727024	-31.8041973
112.836058	-31.804865
112.8994146	-31.8055018
112.962772	-31.8061074
113.0261302	-31.8066821
113.0894892	-31.8072256
113.1528489	-31.8077381
113.2162092	-31.8082196
113.2795702	-31.80867
113.3429318	-31.8090893
113.4062939	-31.8094776
113.4696565	-31.8098348
113.5330196	-31.810161
113.5963831	-31.8104561
113.659747	-31.8107201
113.7231112	-31.8109531
113.7864758	-31.811155
113.8498405	-31.8113258
113.9132055	-31.8114656
113.9765707	-31.8115743
114.0399359	-31.811652
114.1033013	-31.8116986
114.1666667	-31.8117141
114.2300321	-31.8116986
114.2933975	-31.811652
114.3567627	-31.8115743
114.4201279	-31.8114656
114.4834929	-31.8113258
114.5468576	-31.811155
114.6102222	-31.8109531
114.6735864	-31.8107201
114.7369503	-31.8104561
114.8003138	-31.810161
114.8636769	-31.8098348
114.9270395	-31.8094776
114.9904016	-31.8090893
115.0537632	-31.80867
115.1171242	-31.8082196
115.1804845	-31.8077381
115.2438442	-31.8072256
115.3072032	-31.8066821
115.3705614	-31.8061074
115.4339188	-31.8055018
115.4972754	-31.804865
115.560631	-31.8041973
115.6239858	-31.8034984
115.6873396	-31.8027686
115.7506924	-31.8020077
115.8140441	-31.8012157
112.2669917	-31.7436416
112.3303023	-31.7445567
112.393614	-31.7454408
112.4569269	-31.7462939
112.520241	-31.7471161
112.5835562	-31.7479072
112.6468724	-31.7486673
112.7101896	-31.7493963
112.7735077	-31.7500944
112.8368268	-31.7507614
112.9001468	-31.7513975
112.9634676	-31.7520025
113.0267892	-31.7525765
113.0901116	-31.7531194
113.1534347	-31.7536314
113.2167584	-31.7541123
113.2800828	-31.7545622
113.3434078	-31.7549811
113.4067333	-31.755369
113.4700593	-31.7557258
113.5333858	-31.7560516
113.5967127	-31.7563464
113.66004	-31.7566101
113.7233676	-31.7568428
113.7866955	-31.7570445
113.8500236	-31.7572152
113.913352	-31.7573548
113.9766805	-31.7574634
114.0400092	-31.757541
114.1033379	-31.7575875
114.1666667	-31.7576031
114.2299955	-31.7575875
114.2933242	-31.757541
114.3566529	-31.7574634
114.4199814	-31.7573548
114.4833098	-31.7572152
114.5466379	-31.7570445
114.6099658	-31.7568428
114.6732934	-31.7566101
114.7366207	-31.7563464
114.7999476	-31.7560516
114.8632741	-31.7557258
114.9266001	-31.755369
114.9899256	-31.7549811
115.0532506	-31.7545622
115.116575	-31.7541123
115.1798987	-31.7536314
115.2432218	-31.7531194
115.3065442	-31.7525765
115.3698658	-31.7520025
115.4331866	-31.7513975
115.4965066	-31.7507614
115.5598257	-31.7500944
115.6231438	-31.7493963
115.686461	-31.7486673
115.7497772	-31.7479072
115.8130924	-31.7471161
112.2680873	-31.6895452
112.3313614	-31.6904594
112.3946366	-31.6913425
112.4579131	-31.6921947
112.5211907	-31.6930159
112.5844693	-31.6938062
112.647749	-31.6945654
112.7110297	-31.6952937
112.7743114	-31.695991
112.837594	-31.6966574
112.9008774	-31.6972927
112.9641617	-31.697897
113.0274468	-31.6984704
113.0907327	-31.6990128
113.1540192	-31.6995242
113.2173065	-31.7000046
113.2805943	-31.700454
113.3438828	-31.7008724
113.4071717	-31.7012599
113.4704612	-31.7016163
113.5337512	-31.7019417
113.5970415	-31.7022362
113.6603323	-31.7024997
113.7236233	-31.7027321
113.7869147	-31.7029336
113.8502063	-31.7031041
113.9134981	-31.7032436
113.9767901	-31.703352
114.0400823	-31.7034295
114.1033745	-31.703476
114.1666667	-31.7034915
114.2299589	-31.703476
114.2932511	-31.7034295
114.3565433	-31.703352
114.4198353	-31.7032436
114.4831271	-31.7031041
114.5464187	-31.7029336
114.6097101	-31.7027321
114.6730011	-31.7024997
114.7362919	-31.7022362
114.7995822	-31.7019417
114.8628722	-31.7016163
114.9261617	-31.7012599
114.9894506	-31.7008724
115.0527391	-31.700454
115.1160269	-31.7000046
115.1793142	-31.6995242
115.2426007	-31.6990128
115.3058866	-31.6984704
115.3691717	-31.697897
115.432456	-31.6972927
115.4957394	-31.6966574
115.559022	-31.695991
115.6223037	-31.6952937
115.6855844	-31.6945654
115.7488641	-31.6938062
115.8121427	-31.6930159
112.2691805	-31.6354484
112.3324181	-31.6363616
112.395657	-31.6372438
112.4588971	-31.638095
112.5221382	-31.6389154
112.5853805	-31.6397047
112.6486237	-31.6404632
112.711868	-31.6411907
112.7751133	-31.6418872
112.8383594	-31.6425528
112.9016065	-31.6431874
112.9648543	-31.6437911
113.028103	-31.6443639
113.0913524	-31.6449057
113.1546025	-31.6454165
113.2178533	-31.6458964
113.2811047	-31.6463453
113.3443567	-31.6467633
113.4076092	-31.6471503
113.4708623	-31.6475063
113.5341157	-31.6478314
113.5973697	-31.6481256
113.6606239	-31.6483888
113.7238786	-31.648621
113.7871335	-31.6488222
113.8503886	-31.6489925
113.913644	-31.6491318
113.9768995	-31.6492402
114.0401552	-31.6493176
114.1034109	-31.6493641
114.1666667	-31.6493795
114.2299225	-31.6493641
114.2931782	-31.6493176
114.3564339	-31.6492402
114.4196894	-31.6491318
114.4829448	-31.6489925
114.5461999	-31.6488222
114.6094548	-31.648621
114.6727095	-31.6483888
114.7359637	-31.6481256
114.7992177	-31.6478314
114.8624711	-31.6475063
114.9257242	-31.6471503
114.9889767	-31.6467633
115.0522287	-31.6463453
115.1154801	-31.6458964
115.1787309	-31.6454165
115.241981	-31.6449057
115.3052304	-31.6443639
115.3684791	-31.6437911
115.4317269	-31.6431874
115.494974	-31.6425528
115.5582201	-31.6418872
115.6214654	-31.6411907
115.6847097	-31.6404632
115.7479529	-31.6397047
115.8111952	-31.6389154
112.2702713	-31.5813511
112.3334726	-31.5822633
112.3966752	-31.5831445
112.4598789	-31.5839948
112.5230837	-31.5848143
112.5862896	-31.5856028
112.6494966	-31.5863604
112.7127045	-31.5870871
112.7759134	-31.5877829
112.8391232	-31.5884478
112.9023339	-31.5890817
112.9655454	-31.5896848
113.0287577	-31.5902569
113.0919708	-31.5907981
113.1551845	-31.5913084
113.2183989	-31.5917877
113.281614	-31.5922362
113.3448296	-31.5926537
113.4080457	-31.5930403
113.4712624	-31.5933959
113.5344795	-31.5937207
113.5976971	-31.5940145
113.660915	-31.5942774
113.7241332	-31.5945093
113.7873517	-31.5947104
113.8505705	-31.5948805
113.9137895	-31.5950197
113.9770087	-31.5951279
114.0402279	-31.5952052
114.1034473	-31.5952516
114.1666667	-31.5952671
114.2298861	-31.5952516
114.2931055	-31.5952052
114.3563247	-31.5951279
114.4195439	-31.5950197
114.4827629	-31.5948805
114.5459817	-31.5947104
114.6092002	-31.5945093
114.6724184	-31.5942774
114.7356363	-31.5940145
114.7988539	-31.5937207
114.862071	-31.5933959
114.9252877	-31.5930403
114.9885038	-31.5926537
115.0517194	-31.5922362
115.1149345	-31.5917877
115.1781489	-31.5913084
115.2413626	-31.5907981
115.3045757	-31.5902569
115.367788	-31.5896848
115.4309995	-31.5890817
115.4942102	-31.5884478
115.55742	-31.5877829
115.6206289	-31.5870871
115.6838368	-31.5863604
115.7470438	-31.5856028
115.8102497	-31.5848143
112.2713597	-31.5272533
112.3345248	-31.5281645
112.3976911	-31.5290448
112.4608586	-31.5298942
112.5240271	-31.5307127
112.5871968	-31.5315004
112.6503675	-31.5322572
112.7135392	-31.5329831
112.7767118	-31.5336781
112.8398853	-31.5343423
112.9030597	-31.5349755
112.966235	-31.5355779
113.029411	-31.5361494
113.0925878	-31.53669
113.1557652	-31.5371998
113.2189434	-31.5376786
113.2821221	-31.5381266
113.3453015	-31.5385436
113.4084813	-31.5389298
113.4716617	-31.5392851
113.5348425	-31.5396095
113.5980238	-31.539903
113.6612054	-31.5401656
113.7243873	-31.5403973
113.7875695	-31.5405981
113.850752	-31.540768
113.9139347	-31.540907
113.9771176	-31.5410152
114.0403005	-31.5410924
114.1034836	-31.5411387
114.1666667	-31.5411542
114.2298498	-31.5411387
114.2930329	-31.5410924
114.3562158	-31.5410152
114.4193987	-31.540907
114.4825814	-31.540768
114.5457639	-31.5405981
114.6089461	-31.5403973
114.672128	-31.5401656
114.7353096	-31.539903
114.7984909	-31.5396095
114.8616717	-31.5392851
114.9248521	-31.5389298
114.9880319	-31.5385436
115.0512113	-31.5381266
115.11439	-31.5376786
115.1775682	-31.5371998
115.2407456	-31.53669
115.3039224	-31.5361494
115.3670984	-31.5355779
115.4302737	-31.5349755
115.4934481	-31.5343423
115.5566216	-31.5336781
115.6197942	-31.5329831
115.6829659	-31.5322572
115.7461366	-31.5315004
115.8093063	-31.5307127
112.2724458	-31.473155
112.3355747	-31.4740652
112.3987048	-31.4749446
112.4618361	-31.475793
112.5249685	-31.4766107
112.588102	-31.4773975
112.6512365	-31.4781535
112.714372	-31.4788786
112.7775084	-31.4795729
112.8406458	-31.4802363
112.903784	-31.4808689
112.966923	-31.4814706
113.0300629	-31.4820415
113.0932034	-31.4825815
113.1563447	-31.4830907
113.2194866	-31.483569
113.2826292	-31.4840165
113.3457723	-31.4844331
113.4089159	-31.4848188
113.4720601	-31.4851737
113.5352047	-31.4854978
113.5983497	-31.4857909
113.6614951	-31.4860533
113.7246409	-31.4862847
113.7877869	-31.4864853
113.8509331	-31.4866551
113.9140796	-31.4867939
113.9772262	-31.4869019
114.040373	-31.4869791
114.1035198	-31.4870254
114.1666667	-31.4870408
114.2298136	-31.4870254
114.2929604	-31.4869791
114.3561072	-31.4869019
114.4192538	-31.4867939
114.4824003	-31.4866551
114.5455465	-31.4864853
114.6086925	-31.4862847
114.6718383	-31.4860533
114.7349837	-31.4857909
114.7981287	-31.4854978
114.8612733	-31.4851737
114.9244175	-31.4848188
114.9875611	-31.4844331
115.0507042	-31.4840165
115.1138468	-31.483569
115.1769887	-31.4830907
115.24013	-31.4825815
115.3032705	-31.4820415
115.3664104	-31.4814706
115.4295494	-31.4808689
115.4926876	-31.4802363
115.555825	-31.4795729
115.6189614	-31.4788786
115.6820969	-31.4781535
115.7452314	-31.4773975
115.8083649	-31.4766107
112.2735294	-31.4190563
112.3366223	-31.4199655
112.3997163	-31.4208439
112.4628115	-31.4216914
112.5259078	-31.4225082
112.5890052	-31.4232942
112.6521036	-31.4240493
112.715203	-31.4247736
112.7783033	-31.4254672
112.8414046	-31.4261299
112.9045067	-31.4267618
112.9676096	-31.4273628
113.0307133	-31.4279331
113.0938177	-31.4284725
113.1569229	-31.4289812
113.2200287	-31.429459
113.2831351	-31.4299059
113.3462421	-31.4303221
113.4093496	-31.4307074
113.4724576	-31.4310619
113.5355661	-31.4313856
113.598675	-31.4316785
113.6617843	-31.4319405
113.7248938	-31.4321717
113.7880037	-31.4323721
113.8511138	-31.4325417
113.9142242	-31.4326804
113.9773347	-31.4327883
114.0404453	-31.4328653
114.103556	-31.4329116
114.1666667	-31.432927
114.2297774	-31.4329116
114.2928881	-31.4328653
114.3559987	-31.4327883
114.4191092	-31.4326804
114.4822196	-31.4325417
114.5453297	-31.4323721
114.6084396	-31.4321717
114.6715491	-31.4319405
114.7346584	-31.4316785
114.7977673	-31.4313856
114.8608758	-31.4310619
114.9239838	-31.4307074
114.9870913	-31.4303221
115.0501983	-31.4299059
115.1133047	-31.429459
115.1764105	-31.4289812
115.2395157	-31.4284725
115.3026201	-31.4279331
115.3657238	-31.4273628
115.4288267	-31.4267618
115.4919288	-31.4261299
115.5550301	-31.4254672
115.6181304	-31.4247736
115.6812298	-31.4240493
115.7443282	-31.4232942
115.8074256	-31.4225082
112.2746108	-31.364957
112.3376676	-31.3658652
112.4007256	-31.3667427
112.4637848	-31.3675893
112.5268451	-31.3684052
112.5899065	-31.3691903
112.6529688	-31.3699446
112.7160322	-31.3706682
112.7790965	-31.371361
112.8421617	-31.372023
112.9052278	-31.3726542
112.9682947	-31.3732546
113.0313623	-31.3738242
113.0944307	-31.3743631
113.1574998	-31.3748712
113.2205696	-31.3753484
113.2836399	-31.3757949
113.3467109	-31.3762106
113.4097824	-31.3765956
113.4728543	-31.3769497
113.5359267	-31.377273
113.5989996	-31.3775656
113.6620728	-31.3778273
113.7251463	-31.3780583
113.7882201	-31.3782584
113.8512942	-31.3784278
113.9143684	-31.3785664
113.9774428	-31.3786741
114.0405174	-31.3787511
114.103592	-31.3787973
114.1666667	-31.3788127
114.2297414	-31.3787973
114.292816	-31.3787511
114.3558906	-31.3786741
114.418965	-31.3785664
114.4820392	-31.3784278
114.5451133	-31.3782584
114.6081871	-31.3780583
114.6712606	-31.3778273
114.7343338	-31.3775656
114.7974067	-31.377273
114.8604791	-31.3769497
114.923551	-31.3765956
114.9866225	-31.3762106
115.0496935	-31.3757949
115.1127638	-31.3753484
115.1758336	-31.3748712
115.2389027	-31.3743631
115.3019711	-31.3738242
115.3650387	-31.3732546
115.4281056	-31.3726542
115.4911717	-31.372023
115.5542369	-31.371361
115.6173012	-31.3706682
115.6803646	-31.3699446
115.7434269	-31.3691903
115.8064883	-31.3684052
112.2756897	-31.3108573
112.3387106	-31.3117645
112.4017327	-31.312641
112.464756	-31.3134868
112.5277803	-31.3143018
112.5908058	-31.315086
112.6538322	-31.3158395
112.7168596	-31.3165623
112.7798879	-31.3172543
112.8429172	-31.3179156
112.9059473	-31.3185461
112.9689782	-31.3191459
113.0320099	-31.3197149
113.0950424	-31.3202532
113.1580755	-31.3207607
113.2211093	-31.3212375
113.2841437	-31.3216835
113.3471786	-31.3220987
113.4102141	-31.3224832
113.4732501	-31.322837
113.5362866	-31.3231599
113.5993234	-31.3234522
113.6623606	-31.3237136
113.7253982	-31.3239443
113.788436	-31.3241443
113.8514741	-31.3243135
113.9145124	-31.3244519
113.9775508	-31.3245596
114.0405894	-31.3246365
114.103628	-31.3246826
114.1666667	-31.324698
114.2297054	-31.3246826
114.292744	-31.3246365
114.3557826	-31.3245596
114.418821	-31.3244519
114.4818593	-31.3243135
114.5448974	-31.3241443
114.6079352	-31.3239443
114.6709728	-31.3237136
114.73401	-31.3234522
114.7970468	-31.3231599
114.8600833	-31.322837
114.9231193	-31.3224832
114.9861548	-31.3220987
115.0491897	-31.3216835
115.1122241	-31.3212375
115.1752579	-31.3207607
115.238291	-31.3202532
115.3013235	-31.3197149
115.3643552	-31.3191459
115.4273861	-31.3185461
115.4904162	-31.3179156
115.5534455	-31.3172543
115.6164738	-31.3165623
115.6795012	-31.3158395
115.7425276	-31.315086
115.8055531	-31.3143018
112.2767663	-31.2567571
112.3397514	-31.2576634
112.4027377	-31.2585389
112.465725	-31.2593837
112.5287135	-31.2601978
112.5917031	-31.2609812
112.6546936	-31.2617339
112.7176852	-31.2624559
112.7806777	-31.2631472
112.843671	-31.2638077
112.9066653	-31.2644376
112.9696603	-31.2650367
113.0326561	-31.2656051
113.0956527	-31.2661428
113.1586499	-31.2666498
113.2216478	-31.267126
113.2846463	-31.2675715
113.3476454	-31.2679864
113.410645	-31.2683704
113.4736451	-31.2687238
113.5366456	-31.2690464
113.5996466	-31.2693383
113.6626479	-31.2695995
113.7256495	-31.26983
113.7886514	-31.2700297
113.8516536	-31.2701987
113.914656	-31.270337
113.9776585	-31.2704445
114.0406612	-31.2705213
114.1036639	-31.2705674
114.1666667	-31.2705828
114.2296695	-31.2705674
114.2926722	-31.2705213
114.3556749	-31.2704445
114.4186774	-31.270337
114.4816798	-31.2701987
114.544682	-31.2700297
114.6076839	-31.26983
114.6706855	-31.2695995
114.7336868	-31.2693383
114.7966878	-31.2690464
114.8596883	-31.2687238
114.9226884	-31.2683704
114.985688	-31.2679864
115.0486871	-31.2675715
115.1116856	-31.267126
115.1746835	-31.2666498
115.2376807	-31.2661428
115.3006773	-31.2656051
115.3636731	-31.2650367
115.4266681	-31.2644376
115.4896624	-31.2638077
115.5526557	-31.2631472
115.6156482	-31.2624559
115.6786398	-31.2617339
115.7416303	-31.2609812
115.8046199	-31.2601978
112.2778406	-31.2026564
112.3407899	-31.2035617
112.4037404	-31.2044363
112.466692	-31.2052802
112.5296447	-31.2060934
112.5925985	-31.206876
112.6555532	-31.2076279
112.718509	-31.2083491
112.7814657	-31.2090396
112.8444232	-31.2096994
112.9073817	-31.2103286
112.9703409	-31.2109271
113.0333009	-31.2114949
113.0962617	-31.212032
113.1592231	-31.2125384
113.2221852	-31.2130141
113.2851479	-31.2134592
113.3481111	-31.2138735
113.4110749	-31.2142572
113.4740392	-31.2146102
113.5370039	-31.2149324
113.599969	-31.215224
113.6629345	-31.2154849
113.7259003	-31.2157151
113.7888664	-31.2159146
113.8518328	-31.2160835
113.9147993	-31.2162216
113.977766	-31.216329
114.0407328	-31.2164058
114.1036997	-31.2164518
114.1666667	-31.2164671
114.2296337	-31.2164518
114.2926006	-31.2164058
114.3555674	-31.216329
114.4185341	-31.2162216
114.4815006	-31.2160835
114.544467	-31.2159146
114.6074331	-31.2157151
114.6703989	-31.2154849
114.7333644	-31.215224
114.7963295	-31.2149324
114.8592942	-31.2146102
114.9222585	-31.2142572
114.9852223	-31.2138735
115.0481855	-31.2134592
115.1111482	-31.2130141
115.1741103	-31.2125384
115.2370717	-31.212032
115.3000325	-31.2114949
115.3629925	-31.2109271
115.4259517	-31.2103286
115.4889102	-31.2096994
115.5518677	-31.2090396
115.6148244	-31.2083491
115.6777802	-31.2076279
115.7407349	-31.206876
115.8036887	-31.2060934
112.2789125	-31.1485553
112.3418261	-31.1494595
112.4047409	-31.1503332
112.4676568	-31.1511762
112.5305738	-31.1519885
112.5934919	-31.1527702
112.6564109	-31.1535213
112.719331	-31.1542417
112.7822519	-31.1549315
112.8451738	-31.1555906
112.9080965	-31.1562191
112.97102	-31.156817
113.0339443	-31.1573841
113.0968693	-31.1579207
113.159795	-31.1584265
113.2227214	-31.1589017
113.2856483	-31.1593463
113.3485758	-31.1597602
113.4115039	-31.1601435
113.4744324	-31.1604961
113.5373614	-31.160818
113.6002908	-31.1611093
113.6632205	-31.1613699
113.7261506	-31.1615998
113.7890809	-31.1617991
113.8520115	-31.1619678
113.9149423	-31.1621058
113.9778733	-31.1622131
114.0408043	-31.1622897
114.1037355	-31.1623357
114.1666667	-31.162351
114.2295979	-31.1623357
114.2925291	-31.1622897
114.3554601	-31.1622131
114.4183911	-31.1621058
114.4813219	-31.1619678
114.5442525	-31.1617991
114.6071828	-31.1615998
114.6701129	-31.1613699
114.7330426	-31.1611093
114.795972	-31.160818
114.858901	-31.1604961
114.9218295	-31.1601435
114.9847576	-31.1597602
115.0476851	-31.1593463
115.110612	-31.1589017
115.1735384	-31.1584265
115.2364641	-31.1579207
115.2993891	-31.1573841
115.3623134	-31.156817
115.4252369	-31.1562191
115.4881596	-31.1555906
115.5510815	-31.1549315
115.6140024	-31.1542417
115.6769225	-31.1535213
115.7398415	-31.1527702
115.8027596	-31.1519885
112.2799821	-31.0944536
112.3428601	-31.0953569
112.4057393	-31.0962296
112.4686196	-31.0970717
112.5315009	-31.0978832
112.5943834	-31.098664
112.6572668	-31.0994143
112.7201512	-31.1001339
112.7830365	-31.100823
112.8459227	-31.1014814
112.9088098	-31.1021092
112.9716977	-31.1027064
113.0345863	-31.1032729
113.0974756	-31.1038089
113.1603657	-31.1043142
113.2232564	-31.1047889
113.2861477	-31.105233
113.3490395	-31.1056465
113.4119319	-31.1060293
113.4748248	-31.1063815
113.5377181	-31.1067031
113.6006118	-31.1069941
113.6635059	-31.1072544
113.7264003	-31.1074841
113.7892949	-31.1076832
113.8521899	-31.1078516
113.915085	-31.1079895
113.9779803	-31.1080967
114.0408757	-31.1081732
114.1037712	-31.1082192
114.1666667	-31.1082345
114.2295622	-31.1082192
114.2924577	-31.1081732
114.3553531	-31.1080967
114.4182484	-31.1079895
114.4811435	-31.1078516
114.5440385	-31.1076832
114.6069331	-31.1074841
114.6698275	-31.1072544
114.7327216	-31.1069941
114.7956153	-31.1067031
114.8585086	-31.1063815
114.9214015	-31.1060293
114.9842939	-31.1056465
115.0471857	-31.105233
115.110077	-31.1047889
115.1729677	-31.1043142
115.2358578	-31.1038089
115.2987471	-31.1032729
115.3616357	-31.1027064
115.4245236	-31.1021092
115.4874107	-31.1014814
115.5502969	-31.100823
115.6131822	-31.1001339
115.6760666	-31.0994143
115.73895	-31.098664
115.8018325	-31.0978832
112.2810494	-31.0403515
112.3438918	-31.0412538
112.4067355	-31.0421256
112.4695802	-31.0429667
112.532426	-31.0437773
112.5952729	-31.0445574
112.6581208	-31.0453068
112.7209696	-31.0460257
112.7838194	-31.046714
112.84667	-31.0473717
112.9095215	-31.0479988
112.9723738	-31.0485953
113.0352269	-31.0491613
113.0980807	-31.0496967
113.1609351	-31.0502014
113.2237902	-31.0506756
113.2866459	-31.0511192
113.3495022	-31.0515322
113.412359	-31.0519147
113.4752163	-31.0522665
113.538074	-31.0525877
113.6009321	-31.0528784
113.6637906	-31.0531384
113.7266494	-31.0533679
113.7895085	-31.0535668
113.8523678	-31.053735
113.9152274	-31.0538727
113.9780871	-31.0539798
114.0409469	-31.0540563
114.1038068	-31.0541022
114.1666667	-31.0541175
114.2295266	-31.0541022
114.2923865	-31.0540563
114.3552463	-31.0539798
114.418106	-31.0538727
114.4809656	-31.053735
114.5438249	-31.0535668
114.606684	-31.0533679
114.6695428	-31.0531384
114.7324013	-31.0528784
114.7952594	-31.0525877
114.8581171	-31.0522665
114.9209744	-31.0519147
114.9838312	-31.0515322
115.0466875	-31.0511192
115.1095432	-31.0506756
115.1723983	-31.0502014
115.2352527	-31.0496967
115.2981065	-31.0491613
115.3609596	-31.0485953
115.4238119	-31.0479988
115.4866634	-31.0473717
115.549514	-31.046714
115.6123638	-31.0460257
115.6752126	-31.0453068
115.7380605	-31.0445574
115.8009074	-31.0437773
112.2821143	-30.9862489
112.3449213	-30.9871502
112.4077295	-30.9880211
112.4705388	-30.9888613
112.5333491	-30.989671
112.5961605	-30.9904502
112.6589729	-30.9911989
112.7217863	-30.991917
112.7846005	-30.9926045
112.8474157	-30.9932615
112.9102317	-30.9938879
112.9730485	-30.9944838
113.0358661	-30.9950492
113.0986844	-30.995584
113.1615033	-30.9960882
113.2243229	-30.9965619
113.2871431	-30.997005
113.3499639	-30.9974176
113.4127852	-30.9977996
113.475607	-30.998151
113.5384292	-30.9984719
113.6012518	-30.9987622
113.6640748	-30.999022
113.726898	-30.9992512
113.7897216	-30.9994499
113.8525454	-30.999618
113.9153694	-30.9997555
113.9781936	-30.9998625
114.0410179	-30.9999389
114.1038423	-30.9999847
114.1666667	-31
114.2294911	-30.9999847
114.2923155	-30.9999389
114.3551398	-30.9998625
114.417964	-30.9997555
114.480788	-30.999618
114.5436118	-30.9994499
114.6064354	-30.9992512
114.6692586	-30.999022
114.7320816	-30.9987622
114.7949042	-30.9984719
114.8577264	-30.998151
114.9205482	-30.9977996
114.9833695	-30.9974176
115.0461903	-30.997005
115.1090105	-30.9965619
115.1718301	-30.9960882
115.234649	-30.995584
115.2974673	-30.9950492
115.3602849	-30.9944838
115.4231017	-30.9938879
115.4859177	-30.9932615
115.5487329	-30.9926045
115.6115471	-30.991917
115.6743605	-30.9911989
115.7371729	-30.9904502
115.7999843	-30.989671
112.283177	-30.9321458
112.3459486	-30.9330462
112.4087213	-30.9339161
112.4714952	-30.9347554
112.5342702	-30.9355643
112.5970462	-30.9363426
112.6598232	-30.9370904
112.7226011	-30.9378078
112.78538	-30.9384946
112.8481597	-30.9391508
112.9109403	-30.9397766
112.9737217	-30.9403719
113.0365039	-30.9409366
113.0992867	-30.9414708
113.1620703	-30.9419745
113.2248545	-30.9424477
113.2876392	-30.9428903
113.3504246	-30.9433024
113.4132104	-30.943684
113.4759968	-30.9440351
113.5387836	-30.9443556
113.6015707	-30.9446457
113.6643583	-30.9449052
113.7271461	-30.9451341
113.7899343	-30.9453326
113.8527226	-30.9455005
113.9155112	-30.9456378
113.9782999	-30.9457447
114.0410888	-30.945821
114.1038777	-30.9458668
114.1666667	-30.9458821
114.2294557	-30.9458668
114.2922446	-30.945821
114.3550335	-30.9457447
114.4178222	-30.9456378
114.4806108	-30.9455005
114.5433991	-30.9453326
114.6061873	-30.9451341
114.6689751	-30.9449052
114.7317627	-30.9446457
114.7945498	-30.9443556
114.8573366	-30.9440351
114.920123	-30.943684
114.9829088	-30.9433024
115.0456942	-30.9428903
115.1084789	-30.9424477
115.1712631	-30.9419745
115.2340467	-30.9414708
115.2968295	-30.9409366
115.3596117	-30.9403719
115.4223931	-30.9397766
115.4851737	-30.9391508
115.5479534	-30.9384946
115.6107323	-30.9378078
115.6735102	-30.9370904
115.7362872	-30.9363426
115.7990632	-30.9355643
112.2842373	-30.8780423
112.3469736	-30.8789417
112.409711	-30.8798106
112.4724496	-30.880649
112.5351893	-30.881457
112.5979299	-30.8822345
112.6606716	-30.8829815
112.7234142	-30.8836981
112.7861578	-30.8843841
112.8489022	-30.8850397
112.9116474	-30.8856648
112.9743935	-30.8862594
113.0371403	-30.8868235
113.0998878	-30.8873572
113.162636	-30.8878603
113.2253848	-30.888333
113.2881343	-30.8887752
113.3508843	-30.8891868
113.4136348	-30.889568
113.4763857	-30.8899187
113.5391372	-30.8902389
113.601889	-30.8905286
113.6646412	-30.8907878
113.7273937	-30.8910165
113.7901464	-30.8912148
113.8528994	-30.8913825
113.9156527	-30.8915197
113.978406	-30.8916265
114.0411595	-30.8917027
114.1039131	-30.8917485
114.1666667	-30.8917637
114.2294203	-30.8917485
114.2921739	-30.8917027
114.3549274	-30.8916265
114.4176807	-30.8915197
114.480434	-30.8913825
114.543187	-30.8912148
114.6059397	-30.8910165
114.6686922	-30.8907878
114.7314444	-30.8905286
114.7941962	-30.8902389
114.8569477	-30.8899187
114.9196986	-30.889568
114.9824491	-30.8891868
115.0451991	-30.8887752
115.1079486	-30.888333
115.1706974	-30.8878603
115.2334456	-30.8873572
115.2961931	-30.8868235
115.3589399	-30.8862594
115.421686	-30.8856648
115.4844312	-30.8850397
115.5471756	-30.8843841
115.6099192	-30.8836981
115.6726618	-30.8829815
115.7354035	-30.8822345
115.7981441	-30.881457
112.2852953	-30.8239382
112.3479964	-30.8248367
112.4106986	-30.8257046
112.4734019	-30.8265422
112.5361063	-30.8273493
112.5988118	-30.828126
112.6615182	-30.8288722
112.7242256	-30.829588
112.7869338	-30.8302733
112.849643	-30.8309281
112.912353	-30.8315526
112.9750638	-30.8321465
113.0377753	-30.83271
113.1004876	-30.8332431
113.1632005	-30.8337457
113.2259141	-30.8342179
113.2886282	-30.8346595
113.3513429	-30.8350708
113.4140582	-30.8354516
113.4767739	-30.8358019
113.53949	-30.8361217
113.6022065	-30.8364111
113.6649234	-30.8366701
113.7276407	-30.8368985
113.7903581	-30.8370965
113.8530759	-30.8372641
113.9157938	-30.8374012
113.9785119	-30.8375078
114.0412301	-30.8375839
114.1039484	-30.8376296
114.1666667	-30.8376449
114.229385	-30.8376296
114.2921033	-30.8375839
114.3548215	-30.8375078
114.4175396	-30.8374012
114.4802575	-30.8372641
114.5429753	-30.8370965
114.6056927	-30.8368985
114.66841	-30.8366701
114.7311269	-30.8364111
114.7938434	-30.8361217
114.8565595	-30.8358019
114.9192752	-30.8354516
114.9819905	-30.8350708
115.0447052	-30.8346595
115.1074193	-30.8342179
115.1701329	-30.8337457
115.2328458	-30.8332431
115.2955581	-30.83271
115.3582696	-30.8321465
115.4209804	-30.8315526
115.4836904	-30.8309281
115.5463996	-30.8302733
115.6091078	-30.829588
115.6718152	-30.8288722
115.7345216	-30.828126
115.7972271	-30.8273493
112.286351	-30.7698337
112.3490169	-30.7707312
112.411684	-30.7715982
112.4743522	-30.7724349
112.5370214	-30.7732411
112.5996917	-30.7740169
112.6623629	-30.7747624
112.7250351	-30.7754773
112.7877082	-30.7761619
112.8503822	-30.7768161
112.913057	-30.7774398
112.9757326	-30.7780332
113.038409	-30.7785961
113.101086	-30.7791286
113.1637638	-30.7796306
113.2264421	-30.7801023
113.2891211	-30.7805435
113.3518006	-30.7809543
113.4144806	-30.7813346
113.4771611	-30.7816846
113.5398421	-30.7820041
113.6025234	-30.7822932
113.6652051	-30.7825518
113.7278871	-30.78278
113.7905694	-30.7829778
113.8532519	-30.7831452
113.9159346	-30.7832821
113.9786175	-30.7833887
114.0413005	-30.7834647
114.1039836	-30.7835104
114.1666667	-30.7835256
114.2293498	-30.7835104
114.2920329	-30.7834647
114.3547159	-30.7833887
114.4173988	-30.7832821
114.4800815	-30.7831452
114.542764	-30.7829778
114.6054463	-30.78278
114.6681283	-30.7825518
114.73081	-30.7822932
114.7934913	-30.7820041
114.8561723	-30.7816846
114.9188528	-30.7813346
114.9815328	-30.7809543
115.0442123	-30.7805435
115.1068913	-30.7801023
115.1695696	-30.7796306
115.2322474	-30.7791286
115.2949244	-30.7785961
115.3576008	-30.7780332
115.4202764	-30.7774398
115.4829512	-30.7768161
115.5456252	-30.7761619
115.6082983	-30.7754773
115.6709705	-30.7747624
115.7336417	-30.7740169
115.796312	-30.7732411
112.2874044	-30.7157287
112.3500353	-30.7166252
112.4126673	-30.7174913
112.4753004	-30.7183271
112.5379345	-30.7191325
112.6005697	-30.7199074
112.6632058	-30.7206521
112.7258429	-30.7213663
112.7884809	-30.7220501
112.8511198	-30.7227036
112.9137595	-30.7233267
112.9764	-30.7239194
113.0390413	-30.7244817
113.1016832	-30.7250136
113.1643258	-30.7255151
113.2269691	-30.7259862
113.2896129	-30.726427
113.3522573	-30.7268373
113.4149022	-30.7272173
113.4775476	-30.7275668
113.5401934	-30.727886
113.6028396	-30.7281748
113.6654862	-30.7284331
113.728133	-30.7286611
113.7907802	-30.7288587
113.8534276	-30.7290259
113.9160752	-30.7291627
113.9787229	-30.7292691
114.0413708	-30.7293451
114.1040187	-30.7293907
114.1666667	-30.7294059
114.2293147	-30.7293907
114.2919626	-30.7293451
114.3546105	-30.7292691
114.4172582	-30.7291627
114.4799058	-30.7290259
114.5425532	-30.7288587
114.6052004	-30.7286611
114.6678472	-30.7284331
114.7304938	-30.7281748
114.79314	-30.727886
114.8557858	-30.7275668
114.9184312	-30.7272173
114.9810761	-30.7268373
115.0437205	-30.726427
115.1063643	-30.7259862
115.1690076	-30.7255151
115.2316502	-30.7250136
115.2942921	-30.7244817
115.3569334	-30.7239194
115.4195739	-30.7233267
115.4822136	-30.7227036
115.5448525	-30.7220501
115.6074905	-30.7213663
115.6701276	-30.7206521
115.7327637	-30.7199074
115.7953989	-30.7191325
112.2884556	-30.6616232
112.3510514	-30.6625188
112.4136484	-30.663384
112.4762465	-30.6642188
112.5388456	-30.6650233
112.6014458	-30.6657975
112.6640469	-30.6665413
112.726649	-30.6672547
112.789252	-30.6679379
112.8518558	-30.6685906
112.9144605	-30.669213
112.977066	-30.6698051
113.0396722	-30.6703668
113.1022791	-30.6708981
113.1648866	-30.6713991
113.2274949	-30.6718697
113.2901037	-30.67231
113.352713	-30.6727199
113.4153229	-30.6730994
113.4779332	-30.6734486
113.540544	-30.6737674
113.6031551	-30.6740559
113.6657666	-30.674314
113.7283784	-30.6745417
113.7909905	-30.6747391
113.8536029	-30.6749061
113.9162154	-30.6750427
113.9788281	-30.675149
114.0414409	-30.6752249
114.1040538	-30.6752705
114.1666667	-30.6752857
114.2292796	-30.6752705
114.2918925	-30.6752249
114.3545053	-30.675149
114.417118	-30.6750427
114.4797305	-30.6749061
114.5423429	-30.6747391
114.604955	-30.6745417
114.6675668	-30.674314
114.7301783	-30.6740559
114.7927894	-30.6737674
114.8554002	-30.6734486
114.9180105	-30.6730994
114.9806204	-30.6727199
115.0432297	-30.67231
115.1058385	-30.6718697
115.1684468	-30.6713991
115.2310543	-30.6708981
115.2936612	-30.6703668
115.3562674	-30.6698051
115.4188729	-30.669213
115.4814776	-30.6685906
115.5440814	-30.6679379
115.6066844	-30.6672547
115.6692865	-30.6665413
115.7318876	-30.6657975
115.7944878	-30.6650233
112.2895044	-30.6075173
112.3520654	-30.6084119
112.4146274	-30.6092761
112.4771905	-30.6101101
112.5397547	-30.6109137
112.60232	-30.611687
112.6648862	-30.6124301
112.7274533	-30.6131427
112.7900213	-30.6138251
112.8525902	-30.6144772
112.9151599	-30.6150989
112.9777304	-30.6156903
113.0403017	-30.6162514
113.1028736	-30.6167822
113.1654463	-30.6172826
113.2280195	-30.6177527
113.2905933	-30.6181925
113.3531677	-30.618602
113.4157426	-30.6189811
113.478318	-30.61933
113.5408937	-30.6196484
113.6034699	-30.6199366
113.6660465	-30.6201944
113.7286233	-30.6204219
113.7912004	-30.620619
113.8537778	-30.6207859
113.9163553	-30.6209224
113.978933	-30.6210285
114.0415109	-30.6211044
114.1040888	-30.6211499
114.1666667	-30.621165
114.2292446	-30.6211499
114.2918225	-30.6211044
114.3544004	-30.6210285
114.4169781	-30.6209224
114.4795556	-30.6207859
114.542133	-30.620619
114.6047101	-30.6204219
114.6672869	-30.6201944
114.7298635	-30.6199366
114.7924397	-30.6196484
114.8550154	-30.61933
114.9175908	-30.6189811
114.9801657	-30.618602
115.0427401	-30.6181925
115.1053139	-30.6177527
115.1678871	-30.6172826
115.2304598	-30.6167822
115.2930317	-30.6162514
115.355603	-30.6156903
115.4181735	-30.6150989
115.4807432	-30.6144772
115.5433121	-30.6138251
115.6058801	-30.6131427
115.6684472	-30.6124301
115.7310134	-30.611687
115.7935787	-30.6109137
112.290551	-30.5534109
112.3530771	-30.5543045
112.4156043	-30.5551678
112.4781326	-30.5560009
112.5406619	-30.5568037
112.6031923	-30.5575761
112.6657236	-30.5583184
112.7282559	-30.5590303
112.790789	-30.5597119
112.853323	-30.5603633
112.9158579	-30.5609843
112.9783935	-30.5615751
113.0409299	-30.5621356
113.1034669	-30.5626658
113.1660047	-30.5631657
113.228543	-30.5636353
113.2910819	-30.5640746
113.3536214	-30.5644837
113.4161614	-30.5648624
113.4787019	-30.5652108
113.5412428	-30.565529
113.6037841	-30.5658168
113.6663257	-30.5660744
113.7288676	-30.5663016
113.7914098	-30.5664985
113.8539523	-30.5666652
113.9164949	-30.5668015
113.9790377	-30.5669076
114.0415807	-30.5669833
114.1041237	-30.5670288
114.1666667	-30.5670439
114.2292097	-30.5670288
114.2917527	-30.5669833
114.3542957	-30.5669076
114.4168385	-30.5668015
114.4793811	-30.5666652
114.5419236	-30.5664985
114.6044658	-30.5663016
114.6670077	-30.5660744
114.7295493	-30.5658168
114.7920906	-30.565529
114.8546315	-30.5652108
114.917172	-30.5648624
114.979712	-30.5644837
115.0422515	-30.5640746
115.1047904	-30.5636353
115.1673287	-30.5631657
115.2298665	-30.5626658
115.2924035	-30.5621356
115.3549399	-30.5615751
115.4174755	-30.5609843
115.4800104	-30.5603633
115.5425444	-30.5597119
115.6050775	-30.5590303
115.6676098	-30.5583184
115.7301411	-30.5575761
115.7926715	-30.5568037
112.2915953	-30.499304
112.3540866	-30.5001966
112.416579	-30.501059
112.4790725	-30.5018912
112.5415671	-30.5026931
112.6040627	-30.5034648
112.6665592	-30.5042062
112.7290567	-30.5049174
112.791555	-30.5055983
112.8540543	-30.5062489
112.9165543	-30.5068693
112.9790551	-30.5074595
113.0415567	-30.5080193
113.1040589	-30.508549
113.1665618	-30.5090483
113.2290654	-30.5095175
113.2915695	-30.5099563
113.3540742	-30.5103649
113.4165793	-30.5107432
113.479085	-30.5110913
113.541591	-30.5114091
113.6040975	-30.5116966
113.6666043	-30.5119539
113.7291114	-30.5121809
113.7916188	-30.5123776
113.8541264	-30.5125441
113.9166343	-30.5126803
113.9791422	-30.5127862
114.0416503	-30.5128619
114.1041585	-30.5129073
114.1666667	-30.5129224
114.2291749	-30.5129073
114.2916831	-30.5128619
114.3541912	-30.5127862
114.4166991	-30.5126803
114.479207	-30.5125441
114.5417146	-30.5123776
114.604222	-30.5121809
114.6667291	-30.5119539
114.7292359	-30.5116966
114.7917424	-30.5114091
114.8542484	-30.5110913
114.9167541	-30.5107432
114.9792592	-30.5103649
115.0417639	-30.5099563
115.104268	-30.5095175
115.1667716	-30.5090483
115.2292745	-30.508549
115.2917767	-30.5080193
115.3542783	-30.5074595
115.4167791	-30.5068693
115.4792791	-30.5062489
115.5417784	-30.5055983
115.6042767	-30.5049174
115.6667742	-30.5042062
115.7292707	-30.5034648
115.7917663	-30.5026931
112.2926374	-30.4451966
112.355094	-30.4460883
112.4175517	-30.4469498
112.4800105	-30.4477811
112.5424703	-30.4485821
112.6049312	-30.4493529
112.667393	-30.4500936
112.7298558	-30.450804
112.7923194	-30.4514841
112.8547839	-30.4521341
112.9172492	-30.4527538
112.9797153	-30.4533433
113.0421821	-30.4539026
113.1046496	-30.4544317
113.1671178	-30.4549305
113.2295866	-30.4553991
113.292056	-30.4558375
113.3545259	-30.4562456
113.4169964	-30.4566236
113.4794672	-30.4569712
113.5419386	-30.4572887
113.6044103	-30.4575759
113.6668823	-30.4578329
113.7293547	-30.4580597
113.7918273	-30.4582562
113.8543002	-30.4584225
113.9167733	-30.4585585
113.9792465	-30.4586644
114.0417198	-30.4587399
114.1041932	-30.4587853
114.1666667	-30.4588004
114.2291402	-30.4587853
114.2916136	-30.4587399
114.3540869	-30.4586644
114.4165601	-30.4585585
114.4790332	-30.4584225
114.5415061	-30.4582562
114.6039787	-30.4580597
114.6664511	-30.4578329
114.7289231	-30.4575759
114.7913948	-30.4572887
114.8538662	-30.4569712
114.916337	-30.4566236
114.9788075	-30.4562456
115.0412774	-30.4558375
115.1037468	-30.4553991
115.1662156	-30.4549305
115.2286838	-30.4544317
115.2911513	-30.4539026
115.3536181	-30.4533433
115.4160842	-30.4527538
115.4785495	-30.4521341
115.541014	-30.4514841
115.6034776	-30.450804
115.6659404	-30.4500936
115.7284022	-30.4493529
115.7908631	-30.4485821
112.2936772	-30.3910888
112.3560991	-30.3919795
112.4185222	-30.3928401
112.4809464	-30.3936704
112.5433716	-30.3944706
112.6057978	-30.3952406
112.668225	-30.3959805
112.7306531	-30.3966901
112.7930821	-30.3973696
112.855512	-30.3980188
112.9179426	-30.3986379
112.980374	-30.3992268
113.0428062	-30.3997854
113.1052391	-30.4003139
113.1676726	-30.4008122
113.2301067	-30.4012803
113.2925414	-30.4017182
113.3549767	-30.4021259
113.4174125	-30.4025035
113.4798487	-30.4028508
113.5422853	-30.4031679
113.6047224	-30.4034548
113.6671597	-30.4037115
113.7295974	-30.403938
113.7920354	-30.4041343
113.8544736	-30.4043004
113.916912	-30.4044364
113.9793505	-30.4045421
114.0417892	-30.4046176
114.1042279	-30.4046629
114.1666667	-30.404678
114.2291055	-30.4046629
114.2915442	-30.4046176
114.3539829	-30.4045421
114.4164214	-30.4044364
114.4788598	-30.4043004
114.541298	-30.4041343
114.603736	-30.403938
114.6661737	-30.4037115
114.728611	-30.4034548
114.7910481	-30.4031679
114.8534847	-30.4028508
114.9159209	-30.4025035
114.9783567	-30.4021259
115.040792	-30.4017182
115.1032267	-30.4012803
115.1656608	-30.4008122
115.2280943	-30.4003139
115.2905272	-30.3997854
115.3529594	-30.3992268
115.4153908	-30.3986379
115.4778214	-30.3980188
115.5402513	-30.3973696
115.6026803	-30.3966901
115.6651084	-30.3959805
115.7275356	-30.3952406
115.7899618	-30.3944706
112.2947147	-30.3369805
112.3571021	-30.3378702
112.4194907	-30.3387299
112.4818803	-30.3395594
112.5442709	-30.3403587
112.6066626	-30.3411279
112.6690552	-30.3418669
112.7314487	-30.3425758
112.7938432	-30.3432545
112.8562384	-30.3439031
112.9186345	-30.3445215
112.9810314	-30.3451097
113.0434289	-30.3456678
113.1058272	-30.3461957
113.1682262	-30.3466935
113.2306257	-30.3471611
113.2930258	-30.3475985
113.3554265	-30.3480058
113.4178277	-30.3483829
113.4802293	-30.3487298
113.5426313	-30.3490466
113.6050338	-30.3493332
113.6674366	-30.3495897
113.7298397	-30.3498159
113.792243	-30.350012
113.8546466	-30.350178
113.9170504	-30.3503137
113.9794543	-30.3504193
114.0418584	-30.3504947
114.1042625	-30.35054
114.1666667	-30.3505551
114.2290709	-30.35054
114.291475	-30.3504947
114.3538791	-30.3504193
114.416283	-30.3503137
114.4786868	-30.350178
114.5410904	-30.350012
114.6034937	-30.3498159
114.6658968	-30.3495897
114.7282996	-30.3493332
114.7907021	-30.3490466
114.8531041	-30.3487298
114.9155057	-30.3483829
114.9779069	-30.3480058
115.0403076	-30.3475985
115.1027077	-30.3471611
115.1651072	-30.3466935
115.2275062	-30.3461957
115.2899045	-30.3456678
115.352302	-30.3451097
115.4146989	-30.3445215
115.477095	-30.3439031
115.5394902	-30.3432545
115.6018847	-30.3425758
115.6642782	-30.3418669
115.7266708	-30.3411279
115.7890625	-30.3403587
112.29575	-30.2828717
112.3581029	-30.2837605
112.420457	-30.2846192
112.4828121	-30.2854478
112.5451683	-30.2862463
112.6075255	-30.2870147
112.6698836	-30.2877529
112.7322426	-30.288461
112.7946026	-30.289139
112.8569633	-30.2897869
112.9193249	-30.2904046
112.9816873	-30.2909922
113.0440503	-30.2915497
113.1064141	-30.2920771
113.1687785	-30.2925743
113.2311436	-30.2930414
113.2935092	-30.2934784
113.3558753	-30.2938852
113.418242	-30.2942619
113.4806091	-30.2946085
113.5429766	-30.2949249
113.6053445	-30.2952112
113.6677128	-30.2954674
113.7300813	-30.2956934
113.7924502	-30.2958893
113.8548193	-30.296055
113.9171885	-30.2961907
113.9795579	-30.2962961
114.0419275	-30.2963715
114.1042971	-30.2964167
114.1666667	-30.2964318
114.2290363	-30.2964167
114.2914059	-30.2963715
114.3537755	-30.2962961
114.4161449	-30.2961907
114.4785141	-30.296055
114.5408832	-30.2958893
114.6032521	-30.2956934
114.6656206	-30.2954674
114.7279889	-30.2952112
114.7903568	-30.2949249
114.8527243	-30.2946085
114.9150914	-30.2942619
114.9774581	-30.2938852
115.0398242	-30.2934784
115.1021898	-30.2930414
115.1645549	-30.2925743
115.2269193	-30.2920771
115.2892831	-30.2915497
115.3516461	-30.2909922
115.4140085	-30.2904046
115.4763701	-30.2897869
115.5387308	-30.289139
115.6010908	-30.288461
115.6634498	-30.2877529
115.7258079	-30.2870147
115.7881651	-30.2862463
112.2967831	-30.2287624
112.3591016	-30.2296503
112.4214212	-30.2305081
112.483742	-30.2313358
112.5460637	-30.2321334
112.6083865	-30.232901
112.6707102	-30.2336384
112.7330348	-30.2343458
112.7953603	-30.235023
112.8576867	-30.2356702
112.9200138	-30.2362873
112.9823417	-30.2368743
113.0446704	-30.2374312
113.1069997	-30.2379579
113.1693297	-30.2384546
113.2316603	-30.2389212
113.2939915	-30.2393577
113.3563232	-30.2397641
113.4186554	-30.2401404
113.480988	-30.2404866
113.5433211	-30.2408027
113.6056546	-30.2410887
113.6679884	-30.2413446
113.7303225	-30.2415704
113.7926569	-30.2417661
113.8549915	-30.2419317
113.9173263	-30.2420671
113.9796613	-30.2421725
114.0419964	-30.2422478
114.1043315	-30.2422929
114.1666667	-30.242308
114.2290019	-30.2422929
114.291337	-30.2422478
114.3536721	-30.2421725
114.4160071	-30.2420671
114.4783419	-30.2419317
114.5406765	-30.2417661
114.6030109	-30.2415704
114.665345	-30.2413446
114.7276788	-30.2410887
114.7900123	-30.2408027
114.8523454	-30.2404866
114.914678	-30.2401404
114.9770102	-30.2397641
115.0393419	-30.2393577
115.1016731	-30.2389212
115.1640037	-30.2384546
115.2263337	-30.2379579
115.288663	-30.2374312
115.3509917	-30.2368743
115.4133196	-30.2362873
115.4756467	-30.2356702
115.5379731	-30.235023
115.6002986	-30.2343458
115.6626232	-30.2336384
115.7249469	-30.232901
115.7872697	-30.2321334
112.2978139	-30.1746527
112.3600981	-30.1755396
112.4223834	-30.1763965
112.4846698	-30.1772233
112.5469572	-30.1780201
112.6092456	-30.1787868
112.671535	-30.1795235
112.7338253	-30.1802301
112.7961164	-30.1809066
112.8584084	-30.1815531
112.9207012	-30.1821695
112.9829948	-30.1827559
113.0452891	-30.1833121
113.1075841	-30.1838384
113.1698797	-30.1843345
113.2321759	-30.1848006
113.2944727	-30.1852367
113.3567701	-30.1856426
113.4190679	-30.1860185
113.4813662	-30.1863644
113.5436649	-30.1866801
113.605964	-30.1869658
113.6682634	-30.1872214
113.7305632	-30.187447
113.7928632	-30.1876424
113.8551634	-30.1878078
113.9174638	-30.1879432
113.9797644	-30.1880484
114.0420651	-30.1881236
114.1043659	-30.1881687
114.1666667	-30.1881837
114.2289675	-30.1881687
114.2912683	-30.1881236
114.353569	-30.1880484
114.4158696	-30.1879432
114.47817	-30.1878078
114.5404702	-30.1876424
114.6027702	-30.187447
114.66507	-30.1872214
114.7273694	-30.1869658
114.7896685	-30.1866801
114.8519672	-30.1863644
114.9142655	-30.1860185
114.9765633	-30.1856426
115.0388607	-30.1852367
115.1011575	-30.1848006
115.1634537	-30.1843345
115.2257493	-30.1838384
115.2880443	-30.1833121
115.3503386	-30.1827559
115.4126322	-30.1821695
115.474925	-30.1815531
115.537217	-30.1809066
115.5995081	-30.1802301
115.6617984	-30.1795235
115.7240878	-30.1787868
115.7863762	-30.1780201
112.2988424	-30.1205425
112.3610924	-30.1214285
112.4233435	-30.1222844
112.4855956	-30.1231104
112.5478488	-30.1239063
112.6101029	-30.1246722
112.672358	-30.125408
112.734614	-30.1261139
112.7968709	-30.1267897
112.8591286	-30.1274355
112.9213872	-30.1280513
112.9836464	-30.128637
113.0459064	-30.1291927
113.1081671	-30.1297183
113.1704285	-30.130214
113.2326904	-30.1306796
113.2949529	-30.1311151
113.357216	-30.1315207
113.4194795	-30.1318962
113.4817435	-30.1322416
113.5440079	-30.132557
113.6062727	-30.1328424
113.6685378	-30.1330978
113.7308033	-30.1333231
113.793069	-30.1335183
113.8553349	-30.1336835
113.9176011	-30.1338187
113.9798673	-30.1339239
114.0421337	-30.133999
114.1044002	-30.134044
114.1666667	-30.1340591
114.2289332	-30.134044
114.2911997	-30.133999
114.3534661	-30.1339239
114.4157323	-30.1338187
114.4779985	-30.1336835
114.5402644	-30.1335183
114.6025301	-30.1333231
114.6647956	-30.1330978
114.7270607	-30.1328424
114.7893255	-30.132557
114.8515899	-30.1322416
114.9138539	-30.1318962
114.9761174	-30.1315207
115.0383805	-30.1311151
115.100643	-30.1306796
115.1629049	-30.130214
115.2251663	-30.1297183
115.287427	-30.1291927
115.349687	-30.128637
115.4119462	-30.1280513
115.4742048	-30.1274355
115.5364625	-30.1267897
115.5987194	-30.1261139
115.6609754	-30.125408
115.7232305	-30.1246722
115.7854846	-30.1239063
112.2998688	-30.0664318
112.3620846	-30.0673169
112.4243015	-30.0681719
112.4865194	-30.068997
112.5487384	-30.069792
112.6109584	-30.0705571
112.6731793	-30.0712922
112.7354011	-30.0719973
112.7976238	-30.0726724
112.8598473	-30.0733175
112.9220716	-30.0739326
112.9842967	-30.0745177
113.0465225	-30.0750728
113.1087489	-30.0755979
113.1709761	-30.076093
113.2332038	-30.0765581
113.2954321	-30.0769932
113.3576609	-30.0773983
113.4198902	-30.0777734
113.48212	-30.0781184
113.5443502	-30.0784335
113.6065808	-30.0787186
113.6688117	-30.0789737
113.7310429	-30.0791987
113.7932744	-30.0793938
113.8555061	-30.0795588
113.917738	-30.0796939
113.97997	-30.0797989
114.0422022	-30.0798739
114.1044344	-30.0799189
114.1666667	-30.0799339
114.228899	-30.0799189
114.2911312	-30.0798739
114.3533634	-30.0797989
114.4155954	-30.0796939
114.4778273	-30.0795588
114.540059	-30.0793938
114.6022905	-30.0791987
114.6645217	-30.0789737
114.7267526	-30.0787186
114.7889832	-30.0784335
114.8512134	-30.0781184
114.9134432	-30.0777734
114.9756725	-30.0773983
115.0379013	-30.0769932
115.1001296	-30.0765581
115.1623573	-30.076093
115.2245845	-30.0755979
115.2868109	-30.0750728
115.3490367	-30.0745177
115.4112618	-30.0739326
115.4734861	-30.0733175
115.5357096	-30.0726724
115.5979323	-30.0719973
115.6601541	-30.0712922
115.722375	-30.0705571
115.784595	-30.069792
112.3008929	-30.0123207
112.3630746	-30.0132048
112.4252574	-30.0140589
112.4874412	-30.0148831
112.5496261	-30.0156773
112.6118119	-30.0164415
112.6739987	-30.0171758
112.7361864	-30.0178802
112.798375	-30.0185545
112.8605644	-30.019199
112.9227546	-30.0198134
112.9849455	-30.0203979
113.0471372	-30.0209524
113.1093295	-30.0214769
113.1715225	-30.0219715
113.2337161	-30.0224361
113.2959102	-30.0228707
113.3581049	-30.0232754
113.4203001	-30.0236501
113.4824957	-30.0239948
113.5446917	-30.0243096
113.6068882	-30.0245943
113.6690849	-30.0248491
113.731282	-30.0250739
113.7934793	-30.0252688
113.8556769	-30.0254337
113.9178746	-30.0255685
113.9800725	-30.0256735
114.0422705	-30.0257484
114.1044686	-30.0257934
114.1666667	-30.0258084
114.2288648	-30.0257934
114.2910629	-30.0257484
114.3532609	-30.0256735
114.4154588	-30.0255685
114.4776565	-30.0254337
114.5398541	-30.0252688
114.6020514	-30.0250739
114.6642485	-30.0248491
114.7264452	-30.0245943
114.7886417	-30.0243096
114.8508377	-30.0239948
114.9130333	-30.0236501
114.9752285	-30.0232754
115.0374232	-30.0228707
115.0996173	-30.0224361
115.1618109	-30.0219715
115.2240039	-30.0214769
115.2861962	-30.0209524
115.3483879	-30.0203979
115.4105788	-30.0198134
115.472769	-30.019199
115.5349584	-30.0185545
115.597147	-30.0178802
115.6593347	-30.0171758
115.7215215	-30.0164415
115.7837073	-30.0156773
112.3019149	-29.9582091
112.3640625	-29.9590922
112.4262113	-29.9599454
112.4883611	-29.9607687
112.5505119	-29.9615621
112.6126637	-29.9623255
112.6748164	-29.963059
112.7369701	-29.9637626
112.7991246	-29.9644363
112.8612799	-29.96508
112.923436	-29.9656938
112.9855929	-29.9662776
113.0477505	-29.9668316
113.1099088	-29.9673555
113.1720677	-29.9678496
113.2342272	-29.9683137
113.2963873	-29.9687479
113.3585479	-29.9691521
113.420709	-29.9695264
113.4828706	-29.9698707
113.5450325	-29.9701851
113.6071949	-29.9704696
113.6693576	-29.9707241
113.7315205	-29.9709487
113.7936838	-29.9711433
113.8558473	-29.971308
113.9180109	-29.9714428
113.9801747	-29.9715476
114.0423387	-29.9716225
114.1045027	-29.9716674
114.1666667	-29.9716823
114.2288307	-29.9716674
114.2909947	-29.9716225
114.3531587	-29.9715476
114.4153225	-29.9714428
114.4774861	-29.971308
114.5396496	-29.9711433
114.6018129	-29.9709487
114.6639758	-29.9707241
114.7261385	-29.9704696
114.7883009	-29.9701851
114.8504628	-29.9698707
114.9126244	-29.9695264
114.9747855	-29.9691521
115.0369461	-29.9687479
115.0991062	-29.9683137
115.1612657	-29.9678496
115.2234246	-29.9673555
115.2855829	-29.9668316
115.3477405	-29.9662776
115.4098974	-29.9656938
115.4720535	-29.96508
115.5342088	-29.9644363
115.5963633	-29.9637626
115.658517	-29.963059
115.7206697	-29.9623255
115.7828215	-29.9615621
112.3029346	-29.904097
112.3650483	-29.9049792
112.4271631	-29.9058315
112.4892789	-29.9066539
112.5513958	-29.9074464
112.6135136	-29.9082091
112.6756324	-29.9089418
112.737752	-29.9096446
112.7998726	-29.9103176
112.8619939	-29.9109606
112.9241161	-29.9115737
112.986239	-29.9121569
113.0483626	-29.9127103
113.1104868	-29.9132337
113.1726118	-29.9137272
113.2347373	-29.9141908
113.2968634	-29.9146245
113.35899	-29.9150283
113.4211171	-29.9154022
113.4832446	-29.9157462
113.5453726	-29.9160603
113.6075009	-29.9163444
113.6696296	-29.9165987
113.7317586	-29.916823
113.7938878	-29.9170175
113.8560173	-29.917182
113.918147	-29.9173166
113.9802768	-29.9174213
114.0424067	-29.9174961
114.1045367	-29.9175409
114.1666667	-29.9175559
114.2287967	-29.9175409
114.2909267	-29.9174961
114.3530566	-29.9174213
114.4151864	-29.9173166
114.4773161	-29.917182
114.5394456	-29.9170175
114.6015748	-29.916823
114.6637038	-29.9165987
114.7258325	-29.9163444
114.7879608	-29.9160603
114.8500888	-29.9157462
114.9122163	-29.9154022
114.9743434	-29.9150283
115.03647	-29.9146245
115.0985961	-29.9141908
115.1607216	-29.9137272
115.2228466	-29.9132337
115.2849708	-29.9127103
115.3470944	-29.9121569
115.4092173	-29.9115737
115.4713395	-29.9109606
115.5334608	-29.9103176
115.5955814	-29.9096446
115.657701	-29.9089418
115.7198198	-29.9082091
115.7819376	-29.9074464
112.3039521	-29.8499845
112.3660319	-29.8508657
112.4281128	-29.8517171
112.4901948	-29.8525386
112.5522777	-29.8533303
112.6143616	-29.8540921
112.6764465	-29.8548241
112.7385323	-29.8555262
112.8006189	-29.8561984
112.8627064	-29.8568407
112.9247946	-29.8574532
112.9868836	-29.8580358
113.0489733	-29.8585885
113.1110636	-29.8591114
113.1731547	-29.8596044
113.2352463	-29.8600675
113.2973384	-29.8605008
113.3594311	-29.8609041
113.4215243	-29.8612776
113.4836179	-29.8616212
113.5457119	-29.861935
113.6078063	-29.8622188
113.6699011	-29.8624728
113.7319961	-29.8626969
113.7940914	-29.8628911
113.856187	-29.8630555
113.9182827	-29.8631899
113.9803786	-29.8632945
114.0424746	-29.8633692
114.1045706	-29.863414
114.1666667	-29.863429
114.2287628	-29.863414
114.2908588	-29.8633692
114.3529548	-29.8632945
114.4150507	-29.8631899
114.4771464	-29.8630555
114.539242	-29.8628911
114.6013373	-29.8626969
114.6634323	-29.8624728
114.7255271	-29.8622188
114.7876215	-29.861935
114.8497155	-29.8616212
114.9118091	-29.8612776
114.9739023	-29.8609041
115.035995	-29.8605008
115.0980871	-29.8600675
115.1601787	-29.8596044
115.2222698	-29.8591114
115.2843601	-29.8585885
115.3464498	-29.8580358
115.4085388	-29.8574532
115.470627	-29.8568407
115.5327145	-29.8561984
115.5948011	-29.8555262
115.6568869	-29.8548241
115.7189718	-29.8540921
115.7810557	-29.8533303
112.3049674	-29.7958715
112.3670134	-29.7967518
112.4290605	-29.7976023
112.4911086	-29.7984229
112.5531578	-29.7992137
112.6152079	-29.7999747
112.6772589	-29.8007059
112.7393109	-29.8014072
112.8013637	-29.8020787
112.8634173	-29.8027204
112.9254717	-29.8033322
112.9875268	-29.8039142
113.0495827	-29.8044664
113.1116392	-29.8049887
113.1736964	-29.8054811
113.2357541	-29.8059437
113.2978124	-29.8063765
113.3598713	-29.8067795
113.4219306	-29.8071526
113.4839904	-29.8074958
113.5460505	-29.8078092
113.6081111	-29.8080928
113.670172	-29.8083465
113.7322332	-29.8085703
113.7942946	-29.8087644
113.8563563	-29.8089285
113.9184181	-29.8090628
113.9804802	-29.8091673
114.0425423	-29.8092419
114.1046045	-29.8092867
114.1666667	-29.8093016
114.2287289	-29.8092867
114.2907911	-29.8092419
114.3528532	-29.8091673
114.4149153	-29.8090628
114.4769771	-29.8089285
114.5390388	-29.8087644
114.6011002	-29.8085703
114.6631614	-29.8083465
114.7252223	-29.8080928
114.7872829	-29.8078092
114.849343	-29.8074958
114.9114028	-29.8071526
114.9734621	-29.8067795
115.035521	-29.8063765
115.0975793	-29.8059437
115.159637	-29.8054811
115.2216942	-29.8049887
115.2837507	-29.8044664
115.3458066	-29.8039142
115.4078617	-29.8033322
115.4699161	-29.8027204
115.5319697	-29.8020787
115.5940225	-29.8014072
115.6560745	-29.8007059
115.7181255	-29.7999747
115.7801756	-29.7992137
112.3059805	-29.741758
112.3679928	-29.7426374
112.4300061	-29.7434869
112.4920205	-29.7443067
112.5540359	-29.7450967
112.6160523	-29.7458569
112.6780696	-29.7465873
112.7400878	-29.7472879
112.8021068	-29.7479586
112.8641266	-29.7485996
112.9261473	-29.7492108
112.9881687	-29.7497922
113.0501907	-29.7503437
113.1122135	-29.7508655
113.1742369	-29.7513574
113.2362609	-29.7518195
113.2982854	-29.7522519
113.3603105	-29.7526544
113.422336	-29.7530271
113.484362	-29.7533699
113.5463884	-29.753683
113.6084152	-29.7539663
113.6704423	-29.7542197
113.7324697	-29.7544433
113.7944973	-29.7546371
113.8565252	-29.7548011
113.9185533	-29.7549353
113.9805815	-29.7550397
114.0426099	-29.7551142
114.1046383	-29.7551589
114.1666667	-29.7551738
114.2286951	-29.7551589
114.2907235	-29.7551142
114.3527519	-29.7550397
114.4147801	-29.7549353
114.4768082	-29.7548011
114.5388361	-29.7546371
114.6008637	-29.7544433
114.6628911	-29.7542197
114.7249182	-29.7539663
114.786945	-29.753683
114.8489714	-29.7533699
114.9109974	-29.7530271
114.9730229	-29.7526544
115.035048	-29.7522519
115.0970725	-29.7518195
115.1590965	-29.7513574
115.2211199	-29.7508655
115.2831427	-29.7503437
115.3451647	-29.7497922
115.4071861	-29.7492108
115.4692068	-29.7485996
115.5312266	-29.7479586
115.5932456	-29.7472879
115.6552638	-29.7465873
115.7172811	-29.7458569
115.7792975	-29.7450967
112.3069914	-29.687644
112.36897	-29.6885225
112.4309497	-29.6893711
112.4929304	-29.6901901
112.5549122	-29.6909792
112.6168949	-29.6917386
112.6788785	-29.6924682
112.740863	-29.693168
112.8028483	-29.6938381
112.8648345	-29.6944784
112.9268214	-29.6950889
112.9888091	-29.6956697
113.0507975	-29.6962206
113.1127866	-29.6967418
113.1747763	-29.6972332
113.2367665	-29.6976949
113.2987574	-29.6981267
113.3607487	-29.6985288
113.4227406	-29.6989011
113.4847329	-29.6992436
113.5467255	-29.6995564
113.6087186	-29.6998393
113.670712	-29.7000925
113.7327057	-29.7003159
113.7946996	-29.7005095
113.8566938	-29.7006733
113.9186882	-29.7008073
113.9806827	-29.7009116
114.0426773	-29.700986
114.104672	-29.7010307
114.1666667	-29.7010456
114.2286614	-29.7010307
114.2906561	-29.700986
114.3526507	-29.7009116
114.4146452	-29.7008073
114.4766396	-29.7006733
114.5386338	-29.7005095
114.6006277	-29.7003159
114.6626214	-29.7000925
114.7246148	-29.6998393
114.7866079	-29.6995564
114.8486005	-29.6992436
114.9105928	-29.6989011
114.9725847	-29.6985288
115.034576	-29.6981267
115.0965669	-29.6976949
115.1585571	-29.6972332
115.2205468	-29.6967418
115.2825359	-29.6962206
115.3445243	-29.6956697
115.406512	-29.6950889
115.4684989	-29.6944784
115.5304851	-29.6938381
115.5924704	-29.693168
115.6544549	-29.6924682
115.7164385	-29.6917386
115.7784212	-29.6909792
112.3080002	-29.6335296
112.3699452	-29.6344071
112.4318913	-29.6352549
112.4938384	-29.6360729
112.5557865	-29.6368612
112.6177356	-29.6376198
112.6796856	-29.6383486
112.7416365	-29.6390477
112.8035883	-29.6397171
112.8655408	-29.6403567
112.9274941	-29.6409666
112.9894482	-29.6415467
113.051403	-29.6420971
113.1133584	-29.6426177
113.1753145	-29.6431086
113.2372711	-29.6435698
113.2992283	-29.6440012
113.361186	-29.6444028
113.4231442	-29.6447747
113.4851029	-29.6451169
113.5470619	-29.6454293
113.6090214	-29.6457119
113.6709811	-29.6459648
113.7329412	-29.646188
113.7949015	-29.6463814
113.856862	-29.646545
113.9188227	-29.6466789
113.9807836	-29.646783
114.0427446	-29.6468574
114.1047056	-29.646902
114.1666667	-29.6469169
114.2286278	-29.646902
114.2905888	-29.6468574
114.3525498	-29.646783
114.4145107	-29.6466789
114.4764714	-29.646545
114.5384319	-29.6463814
114.6003922	-29.646188
114.6623523	-29.6459648
114.724312	-29.6457119
114.7862715	-29.6454293
114.8482305	-29.6451169
114.9101892	-29.6447747
114.9721474	-29.6444028
115.0341051	-29.6440012
115.0960623	-29.6435698
115.1580189	-29.6431086
115.219975	-29.6426177
115.2819304	-29.6420971
115.3438852	-29.6415467
115.4058393	-29.6409666
115.4677926	-29.6403567
115.5297451	-29.6397171
115.5916969	-29.6390477
115.6536478	-29.6383486
115.7155978	-29.6376198
115.7775469	-29.6368612
112.3090067	-29.5794147
112.3709182	-29.5802913
112.4328308	-29.5811382
112.4947444	-29.5819554
112.556659	-29.5827428
112.6185746	-29.5835006
112.680491	-29.5842286
112.7424084	-29.584927
112.8043266	-29.5855956
112.8662456	-29.5862346
112.9281654	-29.5868438
112.9900859	-29.5874233
113.0520071	-29.5879731
113.113929	-29.5884932
113.1758515	-29.5889835
113.2377746	-29.5894442
113.2996982	-29.5898751
113.3616224	-29.5902764
113.4235471	-29.5906479
113.4854721	-29.5909897
113.5473976	-29.5913017
113.6093235	-29.5915841
113.6712497	-29.5918367
113.7331762	-29.5920596
113.7951029	-29.5922528
113.8570299	-29.5924163
113.918957	-29.59255
113.9808843	-29.592654
114.0428117	-29.5927283
114.1047392	-29.5927729
114.1666667	-29.5927878
114.2285942	-29.5927729
114.2905217	-29.5927283
114.3524491	-29.592654
114.4143764	-29.59255
114.4763035	-29.5924163
114.5382305	-29.5922528
114.6001572	-29.5920596
114.6620837	-29.5918367
114.7240099	-29.5915841
114.7859358	-29.5913017
114.8478613	-29.5909897
114.9097863	-29.5906479
114.971711	-29.5902764
115.0336352	-29.5898751
115.0955588	-29.5894442
115.1574819	-29.5889835
115.2194044	-29.5884932
115.2813263	-29.5879731
115.3432475	-29.5874233
115.405168	-29.5868438
115.4670878	-29.5862346
115.5290068	-29.5855956
115.590925	-29.584927
115.6528424	-29.5842286
115.7147588	-29.5835006
115.7766744	-29.5827428
112.3100111	-29.5252994
112.3718892	-29.526175
112.4337683	-29.527021
112.4956485	-29.5278373
112.5575296	-29.5286239
112.6194117	-29.5293809
112.6812947	-29.5301082
112.7431786	-29.5308058
112.8050633	-29.5314737
112.8669489	-29.532112
112.9288352	-29.5327205
112.9907222	-29.5332994
113.05261	-29.5338486
113.1144984	-29.5343682
113.1763874	-29.534858
113.238277	-29.5353182
113.3001672	-29.5357487
113.3620578	-29.5361495
113.423949	-29.5365206
113.4858406	-29.536862
113.5477326	-29.5371737
113.609625	-29.5374558
113.6715176	-29.5377082
113.7334106	-29.5379308
113.7953039	-29.5381238
113.8571973	-29.5382871
113.919091	-29.5384207
113.9809848	-29.5385246
114.0428787	-29.5385988
114.1047727	-29.5386434
114.1666667	-29.5386582
114.2285607	-29.5386434
114.2904547	-29.5385988
114.3523486	-29.5385246
114.4142424	-29.5384207
114.4761361	-29.5382871
114.5380295	-29.5381238
114.5999228	-29.5379308
114.6618158	-29.5377082
114.7237084	-29.5374558
114.7856008	-29.5371737
114.8474928	-29.536862
114.9093844	-29.5365206
114.9712756	-29.5361495
115.0331662	-29.5357487
115.0950564	-29.5353182
115.156946	-29.534858
115.218835	-29.5343682
115.2807234	-29.5338486
115.3426112	-29.5332994
115.4044982	-29.5327205
115.4663845	-29.532112
115.5282701	-29.5314737
115.5901548	-29.5308058
115.6520387	-29.5301082
115.7139217	-29.5293809
115.7758038	-29.5286239
