-22.166668
-22.193666
-22.220665
-22.247663
-22.27466
-22.301657
-22.328655
-22.355654
-22.38265
-22.409649
-22.436647
-22.463646
-22.490643
-22.517641
-22.544638
-22.571636
-22.598633
-22.625631
-22.65263
-22.679628
-22.706625
-22.733624
-22.760622
-22.787619
-22.814617
-22.841614
-22.868612
-22.895611
-22.922607
-22.949606
-22.976604
-23.003603
-23.0306
-23.057596
-23.084595
-23.111593
-23.138592
-23.165588
-23.192587
-23.219585
-23.246584
-23.273579
-23.300577
-23.327576
-23.354574
-23.381571
-23.408569
-23.435568
-23.462566
-23.489563
-23.51656
-23.543558
-23.570557
-23.597553
-23.624552
-23.65155
-23.678549
-23.705545
-23.732544
-23.759541
-23.786539
-23.813536
-23.840534
-23.867533
-23.894531
-23.921528
-23.948526
-23.975525
-24.002522
-24.029518
-24.056517
-24.083515
-24.110514
-24.137512
-24.16451
-24.191508
-24.218506
-24.245504
-24.272502
-24.2995
